onset	duration	trial_type	value	sample
5.224	0.0	T1	1	1306
5.324	0.0	T2	2	1331
5.424	0.0	T3	3	1356
5.524	0.0	T4	4	1381
5.624	0.0	T5	5	1406
5.724	0.0	T6	6	1431
5.828	0.0	T7	7	1457
5.928	0.0	T8	8	1482
6.028	0.0	T9	9	1507
6.128	0.0	T10	10	1532
6.228	0.0	T1	1	1557
6.328	0.0	T2	2	1582
6.428	0.0	T3	3	1607
6.528	0.0	T4	4	1632
6.628	0.0	T5	5	1657
6.728	0.0	T6	6	1682
6.828	0.0	T7	7	1707
6.928	0.0	T8	8	1732
7.028	0.0	T9	9	1757
7.128	0.0	T10	10	1782
7.228	0.0	T1	1	1807
7.328	0.0	T2	2	1832
7.428	0.0	T3	3	1857
7.528	0.0	T4	4	1882
7.628	0.0	T5	5	1907
7.728	0.0	T6	6	1932
7.828	0.0	T7	7	1957
7.928	0.0	T8	8	1982
8.028	0.0	T9	9	2007
8.128	0.0	T10	10	2032
8.228	0.0	T1	1	2057
8.328	0.0	T2	2	2082
8.428	0.0	T3	3	2107
8.528	0.0	T4	4	2132
8.628	0.0	T5	5	2157
8.728	0.0	T6	6	2182
8.828	0.0	T7	7	2207
8.928	0.0	T8	8	2232
9.028	0.0	T9	9	2257
9.128	0.0	T10	10	2282
9.228	0.0	T1	1	2307
9.328	0.0	T2	2	2332
9.428	0.0	T3	3	2357
9.528	0.0	T4	4	2382
9.628	0.0	T5	5	2407
9.728	0.0	T6	6	2432
9.828	0.0	T7	7	2457
9.928	0.0	T8	8	2482
10.028	0.0	T9	9	2507
10.128	0.0	T10	10	2532
10.228	0.0	T1	1	2557
10.328	0.0	T2	2	2582
10.428	0.0	T3	3	2607
10.528	0.0	T4	4	2632
10.628	0.0	T5	5	2657
10.728	0.0	T6	6	2682
10.828	0.0	T7	7	2707
10.932	0.0	T8	8	2733
11.028	0.0	T9	9	2757
11.128	0.0	T10	10	2782
11.232	0.0	T1	1	2808
11.332	0.0	T2	2	2833
11.432	0.0	T3	3	2858
11.532	0.0	T4	4	2883
11.632	0.0	T5	5	2908
11.732	0.0	T6	6	2933
11.832	0.0	T7	7	2958
11.932	0.0	T8	8	2983
12.032	0.0	T9	9	3008
12.132	0.0	T10	10	3033
12.232	0.0	T1	1	3058
12.332	0.0	T2	2	3083
12.432	0.0	T3	3	3108
12.532	0.0	T4	4	3133
12.632	0.0	T5	5	3158
12.732	0.0	T6	6	3183
12.832	0.0	T7	7	3208
12.932	0.0	T8	8	3233
13.032	0.0	T9	9	3258
13.132	0.0	T10	10	3283
13.232	0.0	T1	1	3308
13.332	0.0	T2	2	3333
13.432	0.0	T3	3	3358
13.532	0.0	T4	4	3383
13.632	0.0	T5	5	3408
13.732	0.0	T6	6	3433
13.832	0.0	T7	7	3458
13.932	0.0	T8	8	3483
14.032	0.0	T9	9	3508
14.132	0.0	T10	10	3533
14.232	0.0	T1	1	3558
14.332	0.0	T2	2	3583
14.432	0.0	T3	3	3608
14.532	0.0	T4	4	3633
14.632	0.0	T5	5	3658
14.732	0.0	T6	6	3683
14.832	0.0	T7	7	3708
14.932	0.0	T8	8	3733
15.032	0.0	T9	9	3758
15.132	0.0	T10	10	3783
15.232	0.0	T1	1	3808
15.332	0.0	T2	2	3833
15.432	0.0	T3	3	3858
15.532	0.0	T4	4	3883
15.632	0.0	T5	5	3908
15.732	0.0	T6	6	3933
15.832	0.0	T7	7	3958
15.932	0.0	T8	8	3983
16.032	0.0	T9	9	4008
16.132	0.0	T10	10	4033
16.232	0.0	T1	1	4058
16.332	0.0	T2	2	4083
16.432	0.0	T3	3	4108
16.532	0.0	T4	4	4133
16.632	0.0	T5	5	4158
16.732	0.0	T6	6	4183
16.832	0.0	T7	7	4208
16.932	0.0	T8	8	4233
17.032	0.0	T9	9	4258
17.132	0.0	T10	10	4283
17.232	0.0	T1	1	4308
17.332	0.0	T2	2	4333
17.432	0.0	T3	3	4358
17.532	0.0	T4	4	4383
17.632	0.0	T5	5	4408
17.732	0.0	T6	6	4433
17.832	0.0	T7	7	4458
17.932	0.0	T8	8	4483
18.032	0.0	T9	9	4508
18.132	0.0	T10	10	4533
18.232	0.0	T1	1	4558
18.332	0.0	T2	2	4583
18.432	0.0	T3	3	4608
18.532	0.0	T4	4	4633
18.632	0.0	T5	5	4658
18.732	0.0	T6	6	4683
18.832	0.0	T7	7	4708
18.932	0.0	T8	8	4733
19.032	0.0	T9	9	4758
19.132	0.0	T10	10	4783
19.236	0.0	T1	1	4809
19.332	0.0	T2	2	4833
19.432	0.0	T3	3	4858
19.532	0.0	T4	4	4883
19.632	0.0	T5	5	4908
19.732	0.0	T6	6	4933
19.836	0.0	T7	7	4959
19.936	0.0	T8	8	4984
20.032	0.0	T9	9	5008
20.132	0.0	T10	10	5033
20.236	0.0	T1	1	5059
20.336	0.0	T2	2	5084
20.436	0.0	T3	3	5109
20.536	0.0	T4	4	5134
20.636	0.0	T5	5	5159
20.736	0.0	T6	6	5184
20.836	0.0	T7	7	5209
20.936	0.0	T8	8	5234
21.036	0.0	T9	9	5259
21.136	0.0	T10	10	5284
21.236	0.0	T1	1	5309
21.336	0.0	T2	2	5334
21.436	0.0	T3	3	5359
21.536	0.0	T4	4	5384
21.636	0.0	T5	5	5409
21.736	0.0	T6	6	5434
21.836	0.0	T7	7	5459
21.936	0.0	T8	8	5484
22.036	0.0	T9	9	5509
22.136	0.0	T10	10	5534
22.236	0.0	T1	1	5559
22.336	0.0	T2	2	5584
22.436	0.0	T3	3	5609
22.536	0.0	T4	4	5634
22.636	0.0	T5	5	5659
22.736	0.0	T6	6	5684
22.836	0.0	T7	7	5709
22.936	0.0	T8	8	5734
23.036	0.0	T9	9	5759
23.136	0.0	T10	10	5784
23.236	0.0	T1	1	5809
23.336	0.0	T2	2	5834
23.436	0.0	T3	3	5859
23.536	0.0	T4	4	5884
23.636	0.0	T5	5	5909
23.736	0.0	T6	6	5934
23.836	0.0	T7	7	5959
23.936	0.0	T8	8	5984
24.036	0.0	T9	9	6009
24.136	0.0	T10	10	6034
24.236	0.0	T1	1	6059
24.336	0.0	T2	2	6084
24.436	0.0	T3	3	6109
24.536	0.0	T4	4	6134
24.636	0.0	T5	5	6159
24.736	0.0	T6	6	6184
24.836	0.0	T7	7	6209
24.936	0.0	T8	8	6234
25.036	0.0	T9	9	6259
25.136	0.0	T10	10	6284
25.236	0.0	T1	1	6309
25.336	0.0	T2	2	6334
25.436	0.0	T3	3	6359
25.536	0.0	T4	4	6384
25.636	0.0	T5	5	6409
25.736	0.0	T6	6	6434
25.836	0.0	T7	7	6459
25.936	0.0	T8	8	6484
26.036	0.0	T9	9	6509
26.136	0.0	T10	10	6534
26.236	0.0	T1	1	6559
26.336	0.0	T2	2	6584
26.436	0.0	T3	3	6609
26.536	0.0	T4	4	6634
26.636	0.0	T5	5	6659
26.736	0.0	T6	6	6684
26.836	0.0	T7	7	6709
26.936	0.0	T8	8	6734
27.036	0.0	T9	9	6759
27.136	0.0	T10	10	6784
27.236	0.0	T1	1	6809
27.336	0.0	T2	2	6834
27.436	0.0	T3	3	6859
27.536	0.0	T4	4	6884
27.636	0.0	T5	5	6909
27.736	0.0	T6	6	6934
27.836	0.0	T7	7	6959
27.936	0.0	T8	8	6984
28.036	0.0	T9	9	7009
28.136	0.0	T10	10	7034
28.236	0.0	T1	1	7059
28.336	0.0	T2	2	7084
28.436	0.0	T3	3	7109
28.536	0.0	T4	4	7134
28.636	0.0	T5	5	7159
28.736	0.0	T6	6	7184
28.836	0.0	T7	7	7209
28.936	0.0	T8	8	7234
29.036	0.0	T9	9	7259
29.136	0.0	T10	10	7284
29.236	0.0	T1	1	7309
29.34	0.0	T2	2	7335
29.44	0.0	T3	3	7360
29.54	0.0	T4	4	7385
29.64	0.0	T5	5	7410
29.74	0.0	T6	6	7435
29.84	0.0	T7	7	7460
29.94	0.0	T8	8	7485
30.04	0.0	T9	9	7510
30.14	0.0	T10	10	7535
30.24	0.0	T1	1	7560
30.34	0.0	T2	2	7585
30.44	0.0	T3	3	7610
30.54	0.0	T4	4	7635
30.64	0.0	T5	5	7660
30.74	0.0	T6	6	7685
30.84	0.0	T7	7	7710
30.94	0.0	T8	8	7735
31.04	0.0	T9	9	7760
31.14	0.0	T10	10	7785
31.24	0.0	T1	1	7810
31.34	0.0	T2	2	7835
31.44	0.0	T3	3	7860
31.54	0.0	T4	4	7885
31.64	0.0	T5	5	7910
31.74	0.0	T6	6	7935
31.84	0.0	T7	7	7960
31.94	0.0	T8	8	7985
32.04	0.0	T9	9	8010
32.14	0.0	T10	10	8035
32.24	0.0	T1	1	8060
32.34	0.0	T2	2	8085
32.44	0.0	T3	3	8110
32.54	0.0	T4	4	8135
32.64	0.0	T5	5	8160
32.74	0.0	T6	6	8185
32.84	0.0	T7	7	8210
32.94	0.0	T8	8	8235
33.04	0.0	T9	9	8260
33.14	0.0	T10	10	8285
33.24	0.0	T1	1	8310
33.34	0.0	T2	2	8335
33.44	0.0	T3	3	8360
33.54	0.0	T4	4	8385
33.64	0.0	T5	5	8410
33.74	0.0	T6	6	8435
33.84	0.0	T7	7	8460
33.94	0.0	T8	8	8485
34.04	0.0	T9	9	8510
34.14	0.0	T10	10	8535
34.24	0.0	T1	1	8560
34.34	0.0	T2	2	8585
34.44	0.0	T3	3	8610
34.54	0.0	T4	4	8635
34.64	0.0	T5	5	8660
34.74	0.0	T6	6	8685
34.84	0.0	T7	7	8710
34.94	0.0	T8	8	8735
35.04	0.0	T9	9	8760
35.14	0.0	T10	10	8785
35.244	0.0	T1	1	8811
35.34	0.0	T2	2	8835
35.44	0.0	T3	3	8860
35.54	0.0	T4	4	8885
35.64	0.0	T5	5	8910
35.74	0.0	T6	6	8935
35.84	0.0	T7	7	8960
35.94	0.0	T8	8	8985
36.04	0.0	T9	9	9010
36.14	0.0	T10	10	9035
36.24	0.0	T1	1	9060
36.34	0.0	T2	2	9085
36.44	0.0	T3	3	9110
36.54	0.0	T4	4	9135
36.64	0.0	T5	5	9160
36.74	0.0	T6	6	9185
36.844	0.0	T7	7	9211
36.94	0.0	T8	8	9235
37.044	0.0	T9	9	9261
37.144	0.0	T10	10	9286
37.244	0.0	T1	1	9311
37.344	0.0	T2	2	9336
37.444	0.0	T3	3	9361
37.544	0.0	T4	4	9386
37.644	0.0	T5	5	9411
37.744	0.0	T6	6	9436
37.844	0.0	T7	7	9461
37.944	0.0	T8	8	9486
38.044	0.0	T9	9	9511
38.144	0.0	T10	10	9536
38.244	0.0	T1	1	9561
38.344	0.0	T2	2	9586
38.444	0.0	T3	3	9611
38.544	0.0	T4	4	9636
38.644	0.0	T5	5	9661
38.744	0.0	T6	6	9686
38.844	0.0	T7	7	9711
38.944	0.0	T8	8	9736
39.044	0.0	T9	9	9761
39.144	0.0	T10	10	9786
39.244	0.0	T1	1	9811
39.344	0.0	T2	2	9836
39.444	0.0	T3	3	9861
39.544	0.0	T4	4	9886
39.644	0.0	T5	5	9911
39.744	0.0	T6	6	9936
39.844	0.0	T7	7	9961
39.944	0.0	T8	8	9986
40.044	0.0	T9	9	10011
40.144	0.0	T10	10	10036
40.244	0.0	T1	1	10061
40.344	0.0	T2	2	10086
40.444	0.0	T3	3	10111
40.544	0.0	T4	4	10136
40.644	0.0	T5	5	10161
40.744	0.0	T6	6	10186
40.844	0.0	T7	7	10211
40.944	0.0	T8	8	10236
41.044	0.0	T9	9	10261
41.144	0.0	T10	10	10286
41.244	0.0	T1	1	10311
41.344	0.0	T2	2	10336
41.444	0.0	T3	3	10361
41.544	0.0	T4	4	10386
41.644	0.0	T5	5	10411
41.744	0.0	T6	6	10436
41.844	0.0	T7	7	10461
41.944	0.0	T8	8	10486
42.044	0.0	T9	9	10511
42.144	0.0	T10	10	10536
42.244	0.0	T1	1	10561
42.344	0.0	T2	2	10586
42.444	0.0	T3	3	10611
42.544	0.0	T4	4	10636
42.644	0.0	T5	5	10661
42.744	0.0	T6	6	10686
42.844	0.0	T7	7	10711
42.944	0.0	T8	8	10736
43.044	0.0	T9	9	10761
43.144	0.0	T10	10	10786
43.244	0.0	T1	1	10811
43.344	0.0	T2	2	10836
43.444	0.0	T3	3	10861
43.544	0.0	T4	4	10886
43.644	0.0	T5	5	10911
43.744	0.0	T6	6	10936
43.844	0.0	T7	7	10961
43.944	0.0	T8	8	10986
44.044	0.0	T9	9	11011
44.144	0.0	T10	10	11036
44.248	0.0	T1	1	11062
44.344	0.0	T2	2	11086
44.444	0.0	T3	3	11111
44.544	0.0	T4	4	11136
44.644	0.0	T5	5	11161
44.744	0.0	T6	6	11186
44.844	0.0	T7	7	11211
44.948	0.0	T8	8	11237
45.048	0.0	T9	9	11262
45.144	0.0	T10	10	11286
45.248	0.0	T1	1	11312
45.348	0.0	T2	2	11337
45.448	0.0	T3	3	11362
45.548	0.0	T4	4	11387
45.648	0.0	T5	5	11412
45.748	0.0	T6	6	11437
45.848	0.0	T7	7	11462
45.948	0.0	T8	8	11487
46.048	0.0	T9	9	11512
46.148	0.0	T10	10	11537
46.248	0.0	T1	1	11562
46.348	0.0	T2	2	11587
46.448	0.0	T3	3	11612
46.548	0.0	T4	4	11637
46.648	0.0	T5	5	11662
46.748	0.0	T6	6	11687
46.848	0.0	T7	7	11712
46.948	0.0	T8	8	11737
47.048	0.0	T9	9	11762
47.148	0.0	T10	10	11787
47.248	0.0	T1	1	11812
47.348	0.0	T2	2	11837
47.448	0.0	T3	3	11862
47.548	0.0	T4	4	11887
47.648	0.0	T5	5	11912
47.748	0.0	T6	6	11937
47.848	0.0	T7	7	11962
47.948	0.0	T8	8	11987
48.048	0.0	T9	9	12012
48.148	0.0	T10	10	12037
48.248	0.0	T1	1	12062
48.348	0.0	T2	2	12087
48.448	0.0	T3	3	12112
48.548	0.0	T4	4	12137
48.648	0.0	T5	5	12162
48.748	0.0	T6	6	12187
48.848	0.0	T7	7	12212
48.948	0.0	T8	8	12237
49.048	0.0	T9	9	12262
49.148	0.0	T10	10	12287
49.248	0.0	T1	1	12312
49.348	0.0	T2	2	12337
49.448	0.0	T3	3	12362
49.548	0.0	T4	4	12387
49.648	0.0	T5	5	12412
49.748	0.0	T6	6	12437
49.848	0.0	T7	7	12462
49.948	0.0	T8	8	12487
50.048	0.0	T9	9	12512
50.148	0.0	T10	10	12537
50.248	0.0	T1	1	12562
50.348	0.0	T2	2	12587
50.448	0.0	T3	3	12612
50.548	0.0	T4	4	12637
50.648	0.0	T5	5	12662
50.748	0.0	T6	6	12687
50.848	0.0	T7	7	12712
50.948	0.0	T8	8	12737
51.048	0.0	T9	9	12762
51.148	0.0	T10	10	12787
51.248	0.0	T1	1	12812
51.348	0.0	T2	2	12837
51.448	0.0	T3	3	12862
51.548	0.0	T4	4	12887
51.648	0.0	T5	5	12912
51.748	0.0	T6	6	12937
51.848	0.0	T7	7	12962
51.948	0.0	T8	8	12987
52.048	0.0	T9	9	13012
52.152	0.0	T10	10	13038
52.248	0.0	T1	1	13062
52.348	0.0	T2	2	13087
52.448	0.0	T3	3	13112
52.548	0.0	T4	4	13137
52.648	0.0	T5	5	13162
52.748	0.0	T6	6	13187
52.848	0.0	T7	7	13212
52.948	0.0	T8	8	13237
53.048	0.0	T9	9	13262
53.148	0.0	T10	10	13287
53.248	0.0	T1	1	13312
53.348	0.0	T2	2	13337
53.448	0.0	T3	3	13362
53.548	0.0	T4	4	13387
53.648	0.0	T5	5	13412
53.748	0.0	T6	6	13437
53.848	0.0	T7	7	13462
53.948	0.0	T8	8	13487
54.048	0.0	T9	9	13512
54.148	0.0	T10	10	13537
54.252	0.0	T1	1	13563
54.348	0.0	T2	2	13587
54.448	0.0	T3	3	13612
54.548	0.0	T4	4	13637
54.648	0.0	T5	5	13662
54.748	0.0	T6	6	13687
54.848	0.0	T7	7	13712
54.952	0.0	T8	8	13738
55.052	0.0	T9	9	13763
55.152	0.0	T10	10	13788
55.248	0.0	T1	1	13812
55.352	0.0	T2	2	13838
55.452	0.0	T3	3	13863
55.552	0.0	T4	4	13888
55.652	0.0	T5	5	13913
55.752	0.0	T6	6	13938
55.852	0.0	T7	7	13963
55.952	0.0	T8	8	13988
56.052	0.0	T9	9	14013
56.152	0.0	T10	10	14038
56.252	0.0	T1	1	14063
56.352	0.0	T2	2	14088
56.452	0.0	T3	3	14113
56.552	0.0	T4	4	14138
56.652	0.0	T5	5	14163
56.752	0.0	T6	6	14188
56.852	0.0	T7	7	14213
56.952	0.0	T8	8	14238
57.052	0.0	T9	9	14263
57.152	0.0	T10	10	14288
57.252	0.0	T1	1	14313
57.352	0.0	T2	2	14338
57.452	0.0	T3	3	14363
57.552	0.0	T4	4	14388
57.652	0.0	T5	5	14413
57.752	0.0	T6	6	14438
57.852	0.0	T7	7	14463
57.952	0.0	T8	8	14488
58.052	0.0	T9	9	14513
58.152	0.0	T10	10	14538
58.252	0.0	T1	1	14563
58.352	0.0	T2	2	14588
58.452	0.0	T3	3	14613
58.552	0.0	T4	4	14638
58.652	0.0	T5	5	14663
58.752	0.0	T6	6	14688
58.852	0.0	T7	7	14713
58.952	0.0	T8	8	14738
59.052	0.0	T9	9	14763
59.152	0.0	T10	10	14788
59.252	0.0	T1	1	14813
59.352	0.0	T2	2	14838
59.452	0.0	T3	3	14863
59.552	0.0	T4	4	14888
59.652	0.0	T5	5	14913
59.752	0.0	T6	6	14938
59.852	0.0	T7	7	14963
59.952	0.0	T8	8	14988
60.052	0.0	T9	9	15013
60.152	0.0	T10	10	15038
60.252	0.0	T1	1	15063
60.352	0.0	T2	2	15088
60.452	0.0	T3	3	15113
60.552	0.0	T4	4	15138
60.652	0.0	T5	5	15163
60.752	0.0	T6	6	15188
60.852	0.0	T7	7	15213
60.952	0.0	T8	8	15238
61.052	0.0	T9	9	15263
61.152	0.0	T10	10	15288
61.252	0.0	T1	1	15313
61.352	0.0	T2	2	15338
61.452	0.0	T3	3	15363
61.552	0.0	T4	4	15388
61.652	0.0	T5	5	15413
61.752	0.0	T6	6	15438
61.852	0.0	T7	7	15463
61.952	0.0	T8	8	15488
62.052	0.0	T9	9	15513
62.152	0.0	T10	10	15538
62.252	0.0	T1	1	15563
62.352	0.0	T2	2	15588
62.452	0.0	T3	3	15613
62.552	0.0	T4	4	15638
62.652	0.0	T5	5	15663
62.756	0.0	T6	6	15689
62.852	0.0	T7	7	15713
62.956	0.0	T8	8	15739
63.056	0.0	T9	9	15764
63.156	0.0	T10	10	15789
63.256	0.0	T1	1	15814
63.356	0.0	T2	2	15839
63.456	0.0	T3	3	15864
63.556	0.0	T4	4	15889
63.656	0.0	T5	5	15914
63.756	0.0	T6	6	15939
63.856	0.0	T7	7	15964
63.956	0.0	T8	8	15989
64.056	0.0	T9	9	16014
64.156	0.0	T10	10	16039
64.256	0.0	T1	1	16064
64.356	0.0	T2	2	16089
64.456	0.0	T3	3	16114
64.556	0.0	T4	4	16139
64.656	0.0	T5	5	16164
64.756	0.0	T6	6	16189
64.856	0.0	T7	7	16214
64.956	0.0	T8	8	16239
65.056	0.0	T9	9	16264
65.156	0.0	T10	10	16289
154.112	0.0	T1	1	38528
154.212	0.0	T2	2	38553
154.312	0.0	T3	3	38578
154.412	0.0	T4	4	38603
154.512	0.0	T5	5	38628
154.612	0.0	T6	6	38653
154.712	0.0	T7	7	38678
154.812	0.0	T8	8	38703
154.912	0.0	T9	9	38728
155.012	0.0	T10	10	38753
155.112	0.0	T1	1	38778
155.212	0.0	T2	2	38803
155.312	0.0	T3	3	38828
155.412	0.0	T4	4	38853
155.512	0.0	T5	5	38878
155.612	0.0	T6	6	38903
155.712	0.0	T7	7	38928
155.812	0.0	T8	8	38953
155.912	0.0	T9	9	38978
156.012	0.0	T10	10	39003
156.112	0.0	T1	1	39028
156.212	0.0	T2	2	39053
156.312	0.0	T3	3	39078
156.412	0.0	T4	4	39103
156.512	0.0	T5	5	39128
156.612	0.0	T6	6	39153
156.712	0.0	T7	7	39178
156.812	0.0	T8	8	39203
156.912	0.0	T9	9	39228
157.012	0.0	T10	10	39253
157.112	0.0	T1	1	39278
157.212	0.0	T2	2	39303
157.312	0.0	T3	3	39328
157.412	0.0	T4	4	39353
157.512	0.0	T5	5	39378
157.612	0.0	T6	6	39403
157.712	0.0	T7	7	39428
157.812	0.0	T8	8	39453
157.912	0.0	T9	9	39478
158.012	0.0	T10	10	39503
158.112	0.0	T1	1	39528
158.212	0.0	T2	2	39553
158.312	0.0	T3	3	39578
158.412	0.0	T4	4	39603
158.512	0.0	T5	5	39628
158.612	0.0	T6	6	39653
158.712	0.0	T7	7	39678
158.812	0.0	T8	8	39703
158.912	0.0	T9	9	39728
159.012	0.0	T10	10	39753
159.112	0.0	T1	1	39778
159.212	0.0	T2	2	39803
159.312	0.0	T3	3	39828
159.412	0.0	T4	4	39853
159.512	0.0	T5	5	39878
159.612	0.0	T6	6	39903
159.712	0.0	T7	7	39928
159.812	0.0	T8	8	39953
159.912	0.0	T9	9	39978
160.012	0.0	T10	10	40003
160.112	0.0	T1	1	40028
160.212	0.0	T2	2	40053
160.312	0.0	T3	3	40078
160.412	0.0	T4	4	40103
160.512	0.0	T5	5	40128
160.612	0.0	T6	6	40153
160.712	0.0	T7	7	40178
160.812	0.0	T8	8	40203
160.912	0.0	T9	9	40228
161.012	0.0	T10	10	40253
161.112	0.0	T1	1	40278
161.212	0.0	T2	2	40303
161.312	0.0	T3	3	40328
161.412	0.0	T4	4	40353
161.512	0.0	T5	5	40378
161.616	0.0	T6	6	40404
161.88	0.0	T7	7	40470
161.98	0.0	T8	8	40495
162.08	0.0	T9	9	40520
162.18	0.0	T10	10	40545
162.28	0.0	T1	1	40570
162.38	0.0	T2	2	40595
162.48	0.0	T3	3	40620
162.58	0.0	T4	4	40645
185.872	0.0	T1	1	46468
185.972	0.0	T2	2	46493
186.072	0.0	T3	3	46518
186.172	0.0	T4	4	46543
186.272	0.0	T5	5	46568
186.372	0.0	T6	6	46593
186.472	0.0	T7	7	46618
186.572	0.0	T8	8	46643
186.672	0.0	T9	9	46668
186.772	0.0	T10	10	46693
186.872	0.0	T1	1	46718
186.972	0.0	T2	2	46743
187.072	0.0	T3	3	46768
187.172	0.0	T4	4	46793
187.272	0.0	T5	5	46818
187.372	0.0	T6	6	46843
187.472	0.0	T7	7	46868
187.572	0.0	T8	8	46893
187.672	0.0	T9	9	46918
187.772	0.0	T10	10	46943
187.872	0.0	T1	1	46968
187.972	0.0	T2	2	46993
188.072	0.0	T3	3	47018
188.172	0.0	T4	4	47043
188.272	0.0	T5	5	47068
188.372	0.0	T6	6	47093
188.472	0.0	T7	7	47118
188.572	0.0	T8	8	47143
188.672	0.0	T9	9	47168
188.772	0.0	T10	10	47193
188.872	0.0	T1	1	47218
188.972	0.0	T2	2	47243
189.072	0.0	T3	3	47268
189.172	0.0	T4	4	47293
189.272	0.0	T5	5	47318
189.372	0.0	T6	6	47343
189.472	0.0	T7	7	47368
189.572	0.0	T8	8	47393
189.672	0.0	T9	9	47418
189.772	0.0	T10	10	47443
189.872	0.0	T1	1	47468
189.972	0.0	T2	2	47493
190.072	0.0	T3	3	47518
190.172	0.0	T4	4	47543
190.272	0.0	T5	5	47568
190.372	0.0	T6	6	47593
190.472	0.0	T7	7	47618
190.572	0.0	T8	8	47643
190.672	0.0	T9	9	47668
190.772	0.0	T10	10	47693
190.872	0.0	T1	1	47718
190.972	0.0	T2	2	47743
191.072	0.0	T3	3	47768
191.172	0.0	T4	4	47793
191.272	0.0	T5	5	47818
191.372	0.0	T6	6	47843
191.472	0.0	T7	7	47868
191.572	0.0	T8	8	47893
191.672	0.0	T9	9	47918
191.772	0.0	T10	10	47943
191.872	0.0	T1	1	47968
191.972	0.0	T2	2	47993
192.072	0.0	T3	3	48018
192.172	0.0	T4	4	48043
192.272	0.0	T5	5	48068
192.372	0.0	T6	6	48093
192.472	0.0	T7	7	48118
192.572	0.0	T8	8	48143
192.672	0.0	T9	9	48168
192.772	0.0	T10	10	48193
192.872	0.0	T1	1	48218
192.972	0.0	T2	2	48243
193.072	0.0	T3	3	48268
193.172	0.0	T4	4	48293
193.272	0.0	T5	5	48318
193.372	0.0	T6	6	48343
193.476	0.0	T7	7	48369
193.572	0.0	T8	8	48393
193.672	0.0	T9	9	48418
193.772	0.0	T10	10	48443
193.876	0.0	T1	1	48469
193.976	0.0	T2	2	48494
194.076	0.0	T3	3	48519
194.176	0.0	T4	4	48544
194.276	0.0	T5	5	48569
194.376	0.0	T6	6	48594
194.476	0.0	T7	7	48619
194.576	0.0	T8	8	48644
194.676	0.0	T9	9	48669
194.776	0.0	T10	10	48694
194.876	0.0	T1	1	48719
194.976	0.0	T2	2	48744
195.076	0.0	T3	3	48769
195.176	0.0	T4	4	48794
195.276	0.0	T5	5	48819
195.376	0.0	T6	6	48844
195.476	0.0	T7	7	48869
195.576	0.0	T8	8	48894
195.676	0.0	T9	9	48919
195.776	0.0	T10	10	48944
195.876	0.0	T1	1	48969
195.976	0.0	T2	2	48994
196.076	0.0	T3	3	49019
196.176	0.0	T4	4	49044
196.276	0.0	T5	5	49069
196.376	0.0	T6	6	49094
196.476	0.0	T7	7	49119
196.576	0.0	T8	8	49144
196.676	0.0	T9	9	49169
196.776	0.0	T10	10	49194
196.876	0.0	T1	1	49219
196.976	0.0	T2	2	49244
197.076	0.0	T3	3	49269
197.176	0.0	T4	4	49294
197.276	0.0	T5	5	49319
197.376	0.0	T6	6	49344
197.476	0.0	T7	7	49369
197.576	0.0	T8	8	49394
197.676	0.0	T9	9	49419
197.776	0.0	T10	10	49444
197.876	0.0	T1	1	49469
197.976	0.0	T2	2	49494
198.076	0.0	T3	3	49519
198.176	0.0	T4	4	49544
198.276	0.0	T5	5	49569
198.376	0.0	T6	6	49594
198.476	0.0	T7	7	49619
198.576	0.0	T8	8	49644
198.676	0.0	T9	9	49669
198.776	0.0	T10	10	49694
198.876	0.0	T1	1	49719
198.976	0.0	T2	2	49744
199.076	0.0	T3	3	49769
199.176	0.0	T4	4	49794
199.276	0.0	T5	5	49819
199.376	0.0	T6	6	49844
199.476	0.0	T7	7	49869
199.576	0.0	T8	8	49894
248.744	0.0	T1	1	62186
248.844	0.0	T2	2	62211
248.944	0.0	T3	3	62236
249.044	0.0	T4	4	62261
249.144	0.0	T5	5	62286
249.244	0.0	T6	6	62311
249.344	0.0	T7	7	62336
249.444	0.0	T8	8	62361
249.544	0.0	T9	9	62386
249.644	0.0	T10	10	62411
249.744	0.0	T1	1	62436
249.844	0.0	T2	2	62461
249.944	0.0	T3	3	62486
250.044	0.0	T4	4	62511
250.144	0.0	T5	5	62536
250.244	0.0	T6	6	62561
250.344	0.0	T7	7	62586
250.444	0.0	T8	8	62611
250.544	0.0	T9	9	62636
250.644	0.0	T10	10	62661
250.744	0.0	T1	1	62686
250.844	0.0	T2	2	62711
250.944	0.0	T3	3	62736
251.044	0.0	T4	4	62761
251.144	0.0	T5	5	62786
251.244	0.0	T6	6	62811
251.344	0.0	T7	7	62836
251.444	0.0	T8	8	62861
251.544	0.0	T9	9	62886
251.644	0.0	T10	10	62911
251.744	0.0	T1	1	62936
251.844	0.0	T2	2	62961
251.944	0.0	T3	3	62986
252.044	0.0	T4	4	63011
252.144	0.0	T5	5	63036
252.244	0.0	T6	6	63061
252.344	0.0	T7	7	63086
252.444	0.0	T8	8	63111
252.544	0.0	T9	9	63136
252.644	0.0	T10	10	63161
252.744	0.0	T1	1	63186
252.844	0.0	T2	2	63211
252.944	0.0	T3	3	63236
253.044	0.0	T4	4	63261
253.144	0.0	T5	5	63286
253.244	0.0	T6	6	63311
253.344	0.0	T7	7	63336
253.444	0.0	T8	8	63361
253.544	0.0	T9	9	63386
253.644	0.0	T10	10	63411
253.744	0.0	T1	1	63436
253.844	0.0	T2	2	63461
253.944	0.0	T3	3	63486
254.044	0.0	T4	4	63511
254.144	0.0	T5	5	63536
254.244	0.0	T6	6	63561
254.344	0.0	T7	7	63586
254.444	0.0	T8	8	63611
254.544	0.0	T9	9	63636
254.644	0.0	T10	10	63661
254.744	0.0	T1	1	63686
254.844	0.0	T2	2	63711
254.944	0.0	T3	3	63736
255.044	0.0	T4	4	63761
255.144	0.0	T5	5	63786
255.244	0.0	T6	6	63811
255.344	0.0	T7	7	63836
255.444	0.0	T8	8	63861
255.544	0.0	T9	9	63886
255.644	0.0	T10	10	63911
255.744	0.0	T1	1	63936
255.844	0.0	T2	2	63961
255.944	0.0	T3	3	63986
256.044	0.0	T4	4	64011
256.144	0.0	T5	5	64036
256.244	0.0	T6	6	64061
256.344	0.0	T7	7	64086
256.444	0.0	T8	8	64111
256.544	0.0	T9	9	64136
256.644	0.0	T10	10	64161
256.744	0.0	T1	1	64186
256.844	0.0	T2	2	64211
256.944	0.0	T3	3	64236
257.044	0.0	T4	4	64261
257.144	0.0	T5	5	64286
257.244	0.0	T6	6	64311
257.344	0.0	T7	7	64336
257.444	0.0	T8	8	64361
257.544	0.0	T9	9	64386
257.644	0.0	T10	10	64411
257.744	0.0	T1	1	64436
257.844	0.0	T2	2	64461
257.944	0.0	T3	3	64486
258.044	0.0	T4	4	64511
258.144	0.0	T5	5	64536
258.244	0.0	T6	6	64561
258.344	0.0	T7	7	64586
258.444	0.0	T8	8	64611
258.544	0.0	T9	9	64636
258.644	0.0	T10	10	64661
258.744	0.0	T1	1	64686
258.844	0.0	T2	2	64711
258.944	0.0	T3	3	64736
259.044	0.0	T4	4	64761
259.144	0.0	T5	5	64786
259.244	0.0	T6	6	64811
259.344	0.0	T7	7	64836
259.444	0.0	T8	8	64861
259.544	0.0	T9	9	64886
259.644	0.0	T10	10	64911
259.744	0.0	T1	1	64936
259.844	0.0	T2	2	64961
259.944	0.0	T3	3	64986
260.044	0.0	T4	4	65011
260.144	0.0	T5	5	65036
260.244	0.0	T6	6	65061
260.344	0.0	T7	7	65086
260.444	0.0	T8	8	65111
260.544	0.0	T9	9	65136
260.644	0.0	T10	10	65161
260.744	0.0	T1	1	65186
260.844	0.0	T2	2	65211
260.944	0.0	T3	3	65236
261.044	0.0	T4	4	65261
261.144	0.0	T5	5	65286
261.248	0.0	T6	6	65312
261.344	0.0	T7	7	65336
261.448	0.0	T8	8	65362
261.548	0.0	T9	9	65387
261.648	0.0	T10	10	65412
261.748	0.0	T1	1	65437
261.848	0.0	T2	2	65462
261.948	0.0	T3	3	65487
262.048	0.0	T4	4	65512
262.148	0.0	T5	5	65537
262.248	0.0	T6	6	65562
262.348	0.0	T7	7	65587
262.448	0.0	T8	8	65612
262.548	0.0	T9	9	65637
262.648	0.0	T10	10	65662
262.748	0.0	T1	1	65687
262.848	0.0	T2	2	65712
262.948	0.0	T3	3	65737
263.048	0.0	T4	4	65762
263.148	0.0	T5	5	65787
263.248	0.0	T6	6	65812
263.348	0.0	T7	7	65837
263.448	0.0	T8	8	65862
263.548	0.0	T9	9	65887
263.648	0.0	T10	10	65912
263.748	0.0	T1	1	65937
263.848	0.0	T2	2	65962
263.948	0.0	T3	3	65987
264.048	0.0	T4	4	66012
264.148	0.0	T5	5	66037
264.248	0.0	T6	6	66062
264.348	0.0	T7	7	66087
264.448	0.0	T8	8	66112
264.548	0.0	T9	9	66137
264.648	0.0	T10	10	66162
264.748	0.0	T1	1	66187
264.848	0.0	T2	2	66212
264.948	0.0	T3	3	66237
265.048	0.0	T4	4	66262
265.148	0.0	T5	5	66287
265.248	0.0	T6	6	66312
265.348	0.0	T7	7	66337
265.448	0.0	T8	8	66362
265.548	0.0	T9	9	66387
265.648	0.0	T10	10	66412
265.748	0.0	T1	1	66437
265.848	0.0	T2	2	66462
265.948	0.0	T3	3	66487
266.048	0.0	T4	4	66512
266.148	0.0	T5	5	66537
266.248	0.0	T6	6	66562
266.348	0.0	T7	7	66587
266.448	0.0	T8	8	66612
266.548	0.0	T9	9	66637
266.648	0.0	T10	10	66662
266.748	0.0	T1	1	66687
266.848	0.0	T2	2	66712
266.948	0.0	T3	3	66737
267.048	0.0	T4	4	66762
267.148	0.0	T5	5	66787
267.248	0.0	T6	6	66812
267.348	0.0	T7	7	66837
267.448	0.0	T8	8	66862
267.548	0.0	T9	9	66887
267.648	0.0	T10	10	66912
267.748	0.0	T1	1	66937
267.848	0.0	T2	2	66962
267.948	0.0	T3	3	66987
268.048	0.0	T4	4	67012
268.148	0.0	T5	5	67037
268.248	0.0	T6	6	67062
268.348	0.0	T7	7	67087
268.448	0.0	T8	8	67112
268.548	0.0	T9	9	67137
268.648	0.0	T10	10	67162
268.748	0.0	T1	1	67187
268.848	0.0	T2	2	67212
268.948	0.0	T3	3	67237
269.048	0.0	T4	4	67262
269.148	0.0	T5	5	67287
269.248	0.0	T6	6	67312
269.348	0.0	T7	7	67337
269.448	0.0	T8	8	67362
269.548	0.0	T9	9	67387
269.648	0.0	T10	10	67412
269.748	0.0	T1	1	67437
269.848	0.0	T2	2	67462
269.948	0.0	T3	3	67487
270.048	0.0	T4	4	67512
270.148	0.0	T5	5	67537
270.248	0.0	T6	6	67562
270.348	0.0	T7	7	67587
270.448	0.0	T8	8	67612
270.548	0.0	T9	9	67637
270.648	0.0	T10	10	67662
270.748	0.0	T1	1	67687
270.848	0.0	T2	2	67712
270.948	0.0	T3	3	67737
271.048	0.0	T4	4	67762
271.148	0.0	T5	5	67787
271.248	0.0	T6	6	67812
271.348	0.0	T7	7	67837
271.448	0.0	T8	8	67862
271.548	0.0	T9	9	67887
271.648	0.0	T10	10	67912
271.748	0.0	T1	1	67937
271.848	0.0	T2	2	67962
271.948	0.0	T3	3	67987
272.048	0.0	T4	4	68012
272.148	0.0	T5	5	68037
272.248	0.0	T6	6	68062
272.348	0.0	T7	7	68087
272.448	0.0	T8	8	68112
272.548	0.0	T9	9	68137
272.648	0.0	T10	10	68162
272.748	0.0	T1	1	68187
272.848	0.0	T2	2	68212
272.948	0.0	T3	3	68237
273.048	0.0	T4	4	68262
273.148	0.0	T5	5	68287
273.248	0.0	T6	6	68312
273.348	0.0	T7	7	68337
273.448	0.0	T8	8	68362
273.548	0.0	T9	9	68387
273.648	0.0	T10	10	68412
273.748	0.0	T1	1	68437
273.848	0.0	T2	2	68462
273.948	0.0	T3	3	68487
274.048	0.0	T4	4	68512
274.148	0.0	T5	5	68537
274.248	0.0	T6	6	68562
274.348	0.0	T7	7	68587
274.448	0.0	T8	8	68612
274.548	0.0	T9	9	68637
274.648	0.0	T10	10	68662
274.748	0.0	T1	1	68687
274.848	0.0	T2	2	68712
274.948	0.0	T3	3	68737
275.048	0.0	T4	4	68762
275.148	0.0	T5	5	68787
275.248	0.0	T6	6	68812
275.348	0.0	T7	7	68837
275.448	0.0	T8	8	68862
275.548	0.0	T9	9	68887
275.648	0.0	T10	10	68912
275.748	0.0	T1	1	68937
275.848	0.0	T2	2	68962
275.948	0.0	T3	3	68987
276.048	0.0	T4	4	69012
276.148	0.0	T5	5	69037
276.248	0.0	T6	6	69062
276.348	0.0	T7	7	69087
276.448	0.0	T8	8	69112
276.548	0.0	T9	9	69137
276.648	0.0	T10	10	69162
276.748	0.0	T1	1	69187
276.848	0.0	T2	2	69212
276.948	0.0	T3	3	69237
277.048	0.0	T4	4	69262
277.152	0.0	T5	5	69288
277.252	0.0	T6	6	69313
277.352	0.0	T7	7	69338
277.448	0.0	T8	8	69362
277.552	0.0	T9	9	69388
277.652	0.0	T10	10	69413
277.752	0.0	T1	1	69438
277.852	0.0	T2	2	69463
277.952	0.0	T3	3	69488
278.052	0.0	T4	4	69513
278.152	0.0	T5	5	69538
278.252	0.0	T6	6	69563
278.352	0.0	T7	7	69588
278.452	0.0	T8	8	69613
278.552	0.0	T9	9	69638
278.652	0.0	T10	10	69663
278.752	0.0	T1	1	69688
278.852	0.0	T2	2	69713
278.952	0.0	T3	3	69738
279.052	0.0	T4	4	69763
279.152	0.0	T5	5	69788
279.252	0.0	T6	6	69813
279.352	0.0	T7	7	69838
279.452	0.0	T8	8	69863
279.552	0.0	T9	9	69888
279.652	0.0	T10	10	69913
279.752	0.0	T1	1	69938
279.852	0.0	T2	2	69963
279.952	0.0	T3	3	69988
280.052	0.0	T4	4	70013
280.152	0.0	T5	5	70038
280.252	0.0	T6	6	70063
280.352	0.0	T7	7	70088
280.452	0.0	T8	8	70113
280.552	0.0	T9	9	70138
280.652	0.0	T10	10	70163
280.752	0.0	T1	1	70188
280.852	0.0	T2	2	70213
280.952	0.0	T3	3	70238
281.052	0.0	T4	4	70263
281.152	0.0	T5	5	70288
281.252	0.0	T6	6	70313
281.352	0.0	T7	7	70338
281.452	0.0	T8	8	70363
281.552	0.0	T9	9	70388
281.652	0.0	T10	10	70413
281.752	0.0	T1	1	70438
281.852	0.0	T2	2	70463
281.952	0.0	T3	3	70488
282.052	0.0	T4	4	70513
282.152	0.0	T5	5	70538
282.252	0.0	T6	6	70563
282.352	0.0	T7	7	70588
282.452	0.0	T8	8	70613
282.552	0.0	T9	9	70638
282.652	0.0	T10	10	70663
282.752	0.0	T1	1	70688
282.852	0.0	T2	2	70713
282.952	0.0	T3	3	70738
283.052	0.0	T4	4	70763
283.152	0.0	T5	5	70788
283.252	0.0	T6	6	70813
283.352	0.0	T7	7	70838
283.452	0.0	T8	8	70863
283.552	0.0	T9	9	70888
283.652	0.0	T10	10	70913
283.752	0.0	T1	1	70938
283.852	0.0	T2	2	70963
283.952	0.0	T3	3	70988
284.052	0.0	T4	4	71013
284.152	0.0	T5	5	71038
284.252	0.0	T6	6	71063
284.352	0.0	T7	7	71088
284.452	0.0	T8	8	71113
284.552	0.0	T9	9	71138
284.652	0.0	T10	10	71163
284.752	0.0	T1	1	71188
284.852	0.0	T2	2	71213
284.952	0.0	T3	3	71238
285.052	0.0	T4	4	71263
285.152	0.0	T5	5	71288
285.252	0.0	T6	6	71313
285.352	0.0	T7	7	71338
285.452	0.0	T8	8	71363
285.552	0.0	T9	9	71388
285.652	0.0	T10	10	71413
285.752	0.0	T1	1	71438
285.852	0.0	T2	2	71463
285.952	0.0	T3	3	71488
286.052	0.0	T4	4	71513
286.152	0.0	T5	5	71538
286.252	0.0	T6	6	71563
286.352	0.0	T7	7	71588
286.452	0.0	T8	8	71613
286.552	0.0	T9	9	71638
286.652	0.0	T10	10	71663
286.752	0.0	T1	1	71688
286.856	0.0	T2	2	71714
286.952	0.0	T3	3	71738
287.052	0.0	T4	4	71763
287.152	0.0	T5	5	71788
287.252	0.0	T6	6	71813
287.352	0.0	T7	7	71838
287.452	0.0	T8	8	71863
287.552	0.0	T9	9	71888
287.652	0.0	T10	10	71913
287.752	0.0	T1	1	71938
287.852	0.0	T2	2	71963
287.952	0.0	T3	3	71988
288.052	0.0	T4	4	72013
288.152	0.0	T5	5	72038
288.252	0.0	T6	6	72063
288.352	0.0	T7	7	72088
288.456	0.0	T8	8	72114
288.552	0.0	T9	9	72138
288.656	0.0	T10	10	72164
288.756	0.0	T1	1	72189
288.852	0.0	T2	2	72213
288.956	0.0	T3	3	72239
289.056	0.0	T4	4	72264
289.152	0.0	T5	5	72288
289.256	0.0	T6	6	72314
289.356	0.0	T7	7	72339
289.456	0.0	T8	8	72364
289.556	0.0	T9	9	72389
289.656	0.0	T10	10	72414
289.756	0.0	T1	1	72439
289.856	0.0	T2	2	72464
289.956	0.0	T3	3	72489
290.056	0.0	T4	4	72514
290.156	0.0	T5	5	72539
290.256	0.0	T6	6	72564
290.356	0.0	T7	7	72589
290.456	0.0	T8	8	72614
290.556	0.0	T9	9	72639
290.656	0.0	T10	10	72664
290.756	0.0	T1	1	72689
290.856	0.0	T2	2	72714
290.956	0.0	T3	3	72739
291.056	0.0	T4	4	72764
291.156	0.0	T5	5	72789
291.256	0.0	T6	6	72814
291.356	0.0	T7	7	72839
291.456	0.0	T8	8	72864
291.556	0.0	T9	9	72889
291.656	0.0	T10	10	72914
291.756	0.0	T1	1	72939
291.856	0.0	T2	2	72964
291.956	0.0	T3	3	72989
292.056	0.0	T4	4	73014
292.156	0.0	T5	5	73039
292.256	0.0	T6	6	73064
292.356	0.0	T7	7	73089
292.456	0.0	T8	8	73114
292.556	0.0	T9	9	73139
292.656	0.0	T10	10	73164
292.756	0.0	T1	1	73189
292.856	0.0	T2	2	73214
292.956	0.0	T3	3	73239
293.056	0.0	T4	4	73264
293.156	0.0	T5	5	73289
293.256	0.0	T6	6	73314
293.356	0.0	T7	7	73339
293.456	0.0	T8	8	73364
293.556	0.0	T9	9	73389
293.656	0.0	T10	10	73414
293.756	0.0	T1	1	73439
293.856	0.0	T2	2	73464
293.956	0.0	T3	3	73489
315.444	0.0	T1	1	78861
315.544	0.0	T2	2	78886
315.644	0.0	T3	3	78911
315.744	0.0	T4	4	78936
315.844	0.0	T5	5	78961
315.944	0.0	T6	6	78986
316.044	0.0	T7	7	79011
316.144	0.0	T8	8	79036
316.244	0.0	T9	9	79061
316.344	0.0	T10	10	79086
316.444	0.0	T1	1	79111
316.544	0.0	T2	2	79136
316.644	0.0	T3	3	79161
316.744	0.0	T4	4	79186
316.844	0.0	T5	5	79211
316.944	0.0	T6	6	79236
317.044	0.0	T7	7	79261
317.144	0.0	T8	8	79286
317.244	0.0	T9	9	79311
317.344	0.0	T10	10	79336
317.444	0.0	T1	1	79361
317.544	0.0	T2	2	79386
317.644	0.0	T3	3	79411
317.744	0.0	T4	4	79436
317.844	0.0	T5	5	79461
317.944	0.0	T6	6	79486
318.044	0.0	T7	7	79511
318.144	0.0	T8	8	79536
318.244	0.0	T9	9	79561
318.344	0.0	T10	10	79586
318.444	0.0	T1	1	79611
318.544	0.0	T2	2	79636
318.644	0.0	T3	3	79661
318.744	0.0	T4	4	79686
318.848	0.0	T5	5	79712
318.944	0.0	T6	6	79736
319.044	0.0	T7	7	79761
319.144	0.0	T8	8	79786
319.244	0.0	T9	9	79811
319.348	0.0	T10	10	79837
319.448	0.0	T1	1	79862
319.548	0.0	T2	2	79887
319.648	0.0	T3	3	79912
319.748	0.0	T4	4	79937
319.848	0.0	T5	5	79962
319.948	0.0	T6	6	79987
320.048	0.0	T7	7	80012
320.148	0.0	T8	8	80037
320.248	0.0	T9	9	80062
320.348	0.0	T10	10	80087
320.448	0.0	T1	1	80112
320.548	0.0	T2	2	80137
320.648	0.0	T3	3	80162
320.748	0.0	T4	4	80187
320.848	0.0	T5	5	80212
320.948	0.0	T6	6	80237
321.048	0.0	T7	7	80262
321.148	0.0	T8	8	80287
321.248	0.0	T9	9	80312
321.348	0.0	T10	10	80337
321.448	0.0	T1	1	80362
321.548	0.0	T2	2	80387
321.648	0.0	T3	3	80412
321.748	0.0	T4	4	80437
321.848	0.0	T5	5	80462
321.948	0.0	T6	6	80487
322.048	0.0	T7	7	80512
322.148	0.0	T8	8	80537
322.248	0.0	T9	9	80562
322.348	0.0	T10	10	80587
322.448	0.0	T1	1	80612
322.548	0.0	T2	2	80637
322.648	0.0	T3	3	80662
322.748	0.0	T4	4	80687
322.848	0.0	T5	5	80712
322.948	0.0	T6	6	80737
323.048	0.0	T7	7	80762
323.148	0.0	T8	8	80787
323.248	0.0	T9	9	80812
323.348	0.0	T10	10	80837
323.448	0.0	T1	1	80862
323.548	0.0	T2	2	80887
323.648	0.0	T3	3	80912
323.748	0.0	T4	4	80937
323.848	0.0	T5	5	80962
323.948	0.0	T6	6	80987
324.048	0.0	T7	7	81012
324.148	0.0	T8	8	81037
324.248	0.0	T9	9	81062
324.348	0.0	T10	10	81087
324.448	0.0	T1	1	81112
324.548	0.0	T2	2	81137
324.648	0.0	T3	3	81162
324.748	0.0	T4	4	81187
324.848	0.0	T5	5	81212
324.948	0.0	T6	6	81237
325.048	0.0	T7	7	81262
325.148	0.0	T8	8	81287
325.248	0.0	T9	9	81312
325.348	0.0	T10	10	81337
325.448	0.0	T1	1	81362
325.548	0.0	T2	2	81387
325.648	0.0	T3	3	81412
325.748	0.0	T4	4	81437
325.848	0.0	T5	5	81462
325.948	0.0	T6	6	81487
326.048	0.0	T7	7	81512
326.148	0.0	T8	8	81537
326.248	0.0	T9	9	81562
326.348	0.0	T10	10	81587
326.448	0.0	T1	1	81612
326.548	0.0	T2	2	81637
326.648	0.0	T3	3	81662
326.748	0.0	T4	4	81687
326.848	0.0	T5	5	81712
326.948	0.0	T6	6	81737
327.048	0.0	T7	7	81762
327.148	0.0	T8	8	81787
327.248	0.0	T9	9	81812
327.348	0.0	T10	10	81837
327.448	0.0	T1	1	81862
327.548	0.0	T2	2	81887
327.648	0.0	T3	3	81912
327.748	0.0	T4	4	81937
327.848	0.0	T5	5	81962
327.948	0.0	T6	6	81987
328.048	0.0	T7	7	82012
328.148	0.0	T8	8	82037
328.248	0.0	T9	9	82062
328.348	0.0	T10	10	82087
328.448	0.0	T1	1	82112
328.548	0.0	T2	2	82137
328.648	0.0	T3	3	82162
328.748	0.0	T4	4	82187
328.848	0.0	T5	5	82212
328.948	0.0	T6	6	82237
329.048	0.0	T7	7	82262
329.148	0.0	T8	8	82287
329.248	0.0	T9	9	82312
329.348	0.0	T10	10	82337
329.448	0.0	T1	1	82362
329.548	0.0	T2	2	82387
329.648	0.0	T3	3	82412
329.748	0.0	T4	4	82437
329.848	0.0	T5	5	82462
329.948	0.0	T6	6	82487
330.048	0.0	T7	7	82512
330.148	0.0	T8	8	82537
330.248	0.0	T9	9	82562
330.348	0.0	T10	10	82587
330.448	0.0	T1	1	82612
330.548	0.0	T2	2	82637
330.648	0.0	T3	3	82662
330.748	0.0	T4	4	82687
330.848	0.0	T5	5	82712
330.948	0.0	T6	6	82737
331.048	0.0	T7	7	82762
331.148	0.0	T8	8	82787
331.248	0.0	T9	9	82812
331.348	0.0	T10	10	82837
331.448	0.0	T1	1	82862
331.548	0.0	T2	2	82887
331.648	0.0	T3	3	82912
331.748	0.0	T4	4	82937
331.848	0.0	T5	5	82962
331.948	0.0	T6	6	82987
332.048	0.0	T7	7	83012
332.148	0.0	T8	8	83037
332.248	0.0	T9	9	83062
332.348	0.0	T10	10	83087
332.448	0.0	T1	1	83112
332.548	0.0	T2	2	83137
332.648	0.0	T3	3	83162
332.748	0.0	T4	4	83187
332.848	0.0	T5	5	83212
332.948	0.0	T6	6	83237
333.048	0.0	T7	7	83262
333.148	0.0	T8	8	83287
333.248	0.0	T9	9	83312
333.348	0.0	T10	10	83337
333.452	0.0	T1	1	83363
333.548	0.0	T2	2	83387
333.648	0.0	T3	3	83412
333.748	0.0	T4	4	83437
333.848	0.0	T5	5	83462
333.948	0.0	T6	6	83487
334.052	0.0	T7	7	83513
334.152	0.0	T8	8	83538
334.252	0.0	T9	9	83563
334.352	0.0	T10	10	83588
334.452	0.0	T1	1	83613
334.552	0.0	T2	2	83638
334.652	0.0	T3	3	83663
334.752	0.0	T4	4	83688
334.852	0.0	T5	5	83713
334.952	0.0	T6	6	83738
335.052	0.0	T7	7	83763
335.152	0.0	T8	8	83788
335.252	0.0	T9	9	83813
335.352	0.0	T10	10	83838
335.452	0.0	T1	1	83863
335.552	0.0	T2	2	83888
335.652	0.0	T3	3	83913
335.752	0.0	T4	4	83938
335.852	0.0	T5	5	83963
335.952	0.0	T6	6	83988
336.052	0.0	T7	7	84013
336.152	0.0	T8	8	84038
336.252	0.0	T9	9	84063
336.352	0.0	T10	10	84088
336.452	0.0	T1	1	84113
336.552	0.0	T2	2	84138
336.652	0.0	T3	3	84163
336.752	0.0	T4	4	84188
336.852	0.0	T5	5	84213
336.952	0.0	T6	6	84238
337.052	0.0	T7	7	84263
337.152	0.0	T8	8	84288
337.252	0.0	T9	9	84313
337.352	0.0	T10	10	84338
337.452	0.0	T1	1	84363
337.552	0.0	T2	2	84388
337.652	0.0	T3	3	84413
337.752	0.0	T4	4	84438
337.852	0.0	T5	5	84463
337.952	0.0	T6	6	84488
338.052	0.0	T7	7	84513
338.152	0.0	T8	8	84538
338.252	0.0	T9	9	84563
338.352	0.0	T10	10	84588
338.452	0.0	T1	1	84613
338.552	0.0	T2	2	84638
338.652	0.0	T3	3	84663
338.752	0.0	T4	4	84688
338.852	0.0	T5	5	84713
338.952	0.0	T6	6	84738
339.052	0.0	T7	7	84763
339.152	0.0	T8	8	84788
339.252	0.0	T9	9	84813
339.352	0.0	T10	10	84838
339.452	0.0	T1	1	84863
339.552	0.0	T2	2	84888
339.652	0.0	T3	3	84913
339.752	0.0	T4	4	84938
339.852	0.0	T5	5	84963
339.952	0.0	T6	6	84988
340.052	0.0	T7	7	85013
340.152	0.0	T8	8	85038
340.252	0.0	T9	9	85063
340.352	0.0	T10	10	85088
340.452	0.0	T1	1	85113
340.552	0.0	T2	2	85138
340.652	0.0	T3	3	85163
340.752	0.0	T4	4	85188
340.852	0.0	T5	5	85213
340.952	0.0	T6	6	85238
341.052	0.0	T7	7	85263
341.152	0.0	T8	8	85288
341.252	0.0	T9	9	85313
341.352	0.0	T10	10	85338
341.452	0.0	T1	1	85363
341.552	0.0	T2	2	85388
341.652	0.0	T3	3	85413
341.752	0.0	T4	4	85438
341.852	0.0	T5	5	85463
341.952	0.0	T6	6	85488
342.052	0.0	T7	7	85513
342.152	0.0	T8	8	85538
342.252	0.0	T9	9	85563
342.352	0.0	T10	10	85588
342.452	0.0	T1	1	85613
342.552	0.0	T2	2	85638
342.652	0.0	T3	3	85663
342.752	0.0	T4	4	85688
342.852	0.0	T5	5	85713
342.952	0.0	T6	6	85738
343.052	0.0	T7	7	85763
343.152	0.0	T8	8	85788
343.252	0.0	T9	9	85813
343.352	0.0	T10	10	85838
343.452	0.0	T1	1	85863
343.552	0.0	T2	2	85888
343.652	0.0	T3	3	85913
343.752	0.0	T4	4	85938
343.852	0.0	T5	5	85963
343.952	0.0	T6	6	85988
344.052	0.0	T7	7	86013
344.152	0.0	T8	8	86038
344.252	0.0	T9	9	86063
344.352	0.0	T10	10	86088
344.452	0.0	T1	1	86113
344.552	0.0	T2	2	86138
344.652	0.0	T3	3	86163
344.752	0.0	T4	4	86188
344.852	0.0	T5	5	86213
344.952	0.0	T6	6	86238
345.052	0.0	T7	7	86263
345.152	0.0	T8	8	86288
345.252	0.0	T9	9	86313
345.352	0.0	T10	10	86338
345.452	0.0	T1	1	86363
345.552	0.0	T2	2	86388
345.652	0.0	T3	3	86413
345.752	0.0	T4	4	86438
345.852	0.0	T5	5	86463
345.952	0.0	T6	6	86488
346.052	0.0	T7	7	86513
346.152	0.0	T8	8	86538
346.252	0.0	T9	9	86563
346.352	0.0	T10	10	86588
346.452	0.0	T1	1	86613
346.552	0.0	T2	2	86638
346.652	0.0	T3	3	86663
346.752	0.0	T4	4	86688
346.852	0.0	T5	5	86713
346.952	0.0	T6	6	86738
347.052	0.0	T7	7	86763
347.152	0.0	T8	8	86788
347.252	0.0	T9	9	86813
347.352	0.0	T10	10	86838
347.452	0.0	T1	1	86863
347.552	0.0	T2	2	86888
347.652	0.0	T3	3	86913
347.752	0.0	T4	4	86938
347.852	0.0	T5	5	86963
347.952	0.0	T6	6	86988
348.052	0.0	T7	7	87013
348.152	0.0	T8	8	87038
348.252	0.0	T9	9	87063
348.352	0.0	T10	10	87088
348.452	0.0	T1	1	87113
348.552	0.0	T2	2	87138
348.652	0.0	T3	3	87163
348.752	0.0	T4	4	87188
348.852	0.0	T5	5	87213
348.952	0.0	T6	6	87238
349.052	0.0	T7	7	87263
349.152	0.0	T8	8	87288
349.252	0.0	T9	9	87313
349.352	0.0	T10	10	87338
349.452	0.0	T1	1	87363
349.552	0.0	T2	2	87388
349.652	0.0	T3	3	87413
349.752	0.0	T4	4	87438
349.852	0.0	T5	5	87463
349.952	0.0	T6	6	87488
350.052	0.0	T7	7	87513
350.152	0.0	T8	8	87538
350.252	0.0	T9	9	87563
350.352	0.0	T10	10	87588
350.452	0.0	T1	1	87613
350.552	0.0	T2	2	87638
350.652	0.0	T3	3	87663
350.756	0.0	T4	4	87689
350.856	0.0	T5	5	87714
350.956	0.0	T6	6	87739
351.056	0.0	T7	7	87764
351.156	0.0	T8	8	87789
351.256	0.0	T9	9	87814
351.356	0.0	T10	10	87839
351.456	0.0	T1	1	87864
351.556	0.0	T2	2	87889
351.656	0.0	T3	3	87914
351.756	0.0	T4	4	87939
351.856	0.0	T5	5	87964
351.956	0.0	T6	6	87989
352.056	0.0	T7	7	88014
352.156	0.0	T8	8	88039
352.256	0.0	T9	9	88064
352.356	0.0	T10	10	88089
352.456	0.0	T1	1	88114
352.556	0.0	T2	2	88139
352.656	0.0	T3	3	88164
352.756	0.0	T4	4	88189
352.856	0.0	T5	5	88214
352.956	0.0	T6	6	88239
353.056	0.0	T7	7	88264
353.156	0.0	T8	8	88289
353.256	0.0	T9	9	88314
353.356	0.0	T10	10	88339
353.456	0.0	T1	1	88364
353.556	0.0	T2	2	88389
353.656	0.0	T3	3	88414
353.756	0.0	T4	4	88439
353.856	0.0	T5	5	88464
353.956	0.0	T6	6	88489
354.056	0.0	T7	7	88514
354.156	0.0	T8	8	88539
354.256	0.0	T9	9	88564
354.356	0.0	T10	10	88589
354.456	0.0	T1	1	88614
354.556	0.0	T2	2	88639
354.656	0.0	T3	3	88664
354.756	0.0	T4	4	88689
354.856	0.0	T5	5	88714
354.956	0.0	T6	6	88739
355.056	0.0	T7	7	88764
355.156	0.0	T8	8	88789
355.256	0.0	T9	9	88814
355.356	0.0	T10	10	88839
355.456	0.0	T1	1	88864
355.556	0.0	T2	2	88889
355.656	0.0	T3	3	88914
355.756	0.0	T4	4	88939
355.856	0.0	T5	5	88964
355.956	0.0	T6	6	88989
356.056	0.0	T7	7	89014
356.156	0.0	T8	8	89039
356.256	0.0	T9	9	89064
356.356	0.0	T10	10	89089
356.456	0.0	T1	1	89114
356.556	0.0	T2	2	89139
356.656	0.0	T3	3	89164
356.756	0.0	T4	4	89189
356.856	0.0	T5	5	89214
356.956	0.0	T6	6	89239
357.056	0.0	T7	7	89264
357.156	0.0	T8	8	89289
357.256	0.0	T9	9	89314
357.356	0.0	T10	10	89339
357.456	0.0	T1	1	89364
357.556	0.0	T2	2	89389
357.656	0.0	T3	3	89414
357.756	0.0	T4	4	89439
357.856	0.0	T5	5	89464
357.956	0.0	T6	6	89489
358.056	0.0	T7	7	89514
358.156	0.0	T8	8	89539
358.256	0.0	T9	9	89564
358.356	0.0	T10	10	89589
358.456	0.0	T1	1	89614
358.556	0.0	T2	2	89639
358.656	0.0	T3	3	89664
358.756	0.0	T4	4	89689
358.856	0.0	T5	5	89714
358.956	0.0	T6	6	89739
359.056	0.0	T7	7	89764
359.156	0.0	T8	8	89789
359.256	0.0	T9	9	89814
359.356	0.0	T10	10	89839
359.456	0.0	T1	1	89864
359.556	0.0	T2	2	89889
359.656	0.0	T3	3	89914
359.756	0.0	T4	4	89939
359.856	0.0	T5	5	89964
359.956	0.0	T6	6	89989
360.056	0.0	T7	7	90014
360.156	0.0	T8	8	90039
360.256	0.0	T9	9	90064
360.356	0.0	T10	10	90089
360.456	0.0	T1	1	90114
360.556	0.0	T2	2	90139
360.656	0.0	T3	3	90164
360.756	0.0	T4	4	90189
360.856	0.0	T5	5	90214
360.956	0.0	T6	6	90239
361.056	0.0	T7	7	90264
361.156	0.0	T8	8	90289
361.256	0.0	T9	9	90314
361.356	0.0	T10	10	90339
361.456	0.0	T1	1	90364
361.556	0.0	T2	2	90389
361.656	0.0	T3	3	90414
361.756	0.0	T4	4	90439
361.856	0.0	T5	5	90464
361.956	0.0	T6	6	90489
362.056	0.0	T7	7	90514
362.156	0.0	T8	8	90539
362.256	0.0	T9	9	90564
362.356	0.0	T10	10	90589
362.456	0.0	T1	1	90614
362.56	0.0	T2	2	90640
362.656	0.0	T3	3	90664
362.756	0.0	T4	4	90689
362.856	0.0	T5	5	90714
362.956	0.0	T6	6	90739
363.056	0.0	T7	7	90764
363.156	0.0	T8	8	90789
363.256	0.0	T9	9	90814
363.356	0.0	T10	10	90839
363.456	0.0	T1	1	90864
363.556	0.0	T2	2	90889
363.656	0.0	T3	3	90914
363.756	0.0	T4	4	90939
363.856	0.0	T5	5	90964
363.956	0.0	T6	6	90989
364.056	0.0	T7	7	91014
364.156	0.0	T8	8	91039
364.256	0.0	T9	9	91064
364.356	0.0	T10	10	91089
364.456	0.0	T1	1	91114
364.556	0.0	T2	2	91139
364.656	0.0	T3	3	91164
364.756	0.0	T4	4	91189
364.856	0.0	T5	5	91214
364.956	0.0	T6	6	91239
365.056	0.0	T7	7	91264
365.156	0.0	T8	8	91289
365.256	0.0	T9	9	91314
365.356	0.0	T10	10	91339
365.456	0.0	T1	1	91364
365.556	0.0	T2	2	91389
365.656	0.0	T3	3	91414
365.756	0.0	T4	4	91439
365.856	0.0	T5	5	91464
365.956	0.0	T6	6	91489
366.056	0.0	T7	7	91514
366.156	0.0	T8	8	91539
366.256	0.0	T9	9	91564
366.356	0.0	T10	10	91589
366.456	0.0	T1	1	91614
366.556	0.0	T2	2	91639
366.656	0.0	T3	3	91664
366.756	0.0	T4	4	91689
366.856	0.0	T5	5	91714
366.956	0.0	T6	6	91739
367.056	0.0	T7	7	91764
367.156	0.0	T8	8	91789
367.256	0.0	T9	9	91814
367.356	0.0	T10	10	91839
367.46	0.0	T1	1	91865
367.556	0.0	T2	2	91889
367.656	0.0	T3	3	91914
367.756	0.0	T4	4	91939
367.86	0.0	T5	5	91965
367.956	0.0	T6	6	91989
368.06	0.0	T7	7	92015
368.16	0.0	T8	8	92040
368.256	0.0	T9	9	92064
368.356	0.0	T10	10	92089
368.456	0.0	T1	1	92114
368.556	0.0	T2	2	92139
368.66	0.0	T3	3	92165
368.76	0.0	T4	4	92190
368.86	0.0	T5	5	92215
368.96	0.0	T6	6	92240
369.06	0.0	T7	7	92265
369.16	0.0	T8	8	92290
369.26	0.0	T9	9	92315
369.36	0.0	T10	10	92340
369.46	0.0	T1	1	92365
369.56	0.0	T2	2	92390
369.66	0.0	T3	3	92415
369.76	0.0	T4	4	92440
369.86	0.0	T5	5	92465
369.96	0.0	T6	6	92490
370.06	0.0	T7	7	92515
370.16	0.0	T8	8	92540
370.26	0.0	T9	9	92565
370.36	0.0	T10	10	92590
370.46	0.0	T1	1	92615
370.56	0.0	T2	2	92640
370.66	0.0	T3	3	92665
370.76	0.0	T4	4	92690
370.86	0.0	T5	5	92715
370.96	0.0	T6	6	92740
371.06	0.0	T7	7	92765
371.16	0.0	T8	8	92790
371.26	0.0	T9	9	92815
371.36	0.0	T10	10	92840
371.46	0.0	T1	1	92865
371.56	0.0	T2	2	92890
371.66	0.0	T3	3	92915
371.76	0.0	T4	4	92940
371.86	0.0	T5	5	92965
371.96	0.0	T6	6	92990
372.06	0.0	T7	7	93015
372.16	0.0	T8	8	93040
372.26	0.0	T9	9	93065
372.36	0.0	T10	10	93090
372.46	0.0	T1	1	93115
372.56	0.0	T2	2	93140
372.66	0.0	T3	3	93165
372.76	0.0	T4	4	93190
372.86	0.0	T5	5	93215
372.96	0.0	T6	6	93240
373.06	0.0	T7	7	93265
373.16	0.0	T8	8	93290
373.26	0.0	T9	9	93315
373.36	0.0	T10	10	93340
373.46	0.0	T1	1	93365
373.56	0.0	T2	2	93390
373.66	0.0	T3	3	93415
373.76	0.0	T4	4	93440
373.86	0.0	T5	5	93465
373.96	0.0	T6	6	93490
374.06	0.0	T7	7	93515
374.16	0.0	T8	8	93540
374.26	0.0	T9	9	93565
374.36	0.0	T10	10	93590
374.46	0.0	T1	1	93615
374.56	0.0	T2	2	93640
374.66	0.0	T3	3	93665
374.76	0.0	T4	4	93690
374.86	0.0	T5	5	93715
374.96	0.0	T6	6	93740
375.06	0.0	T7	7	93765
375.16	0.0	T8	8	93790
375.26	0.0	T9	9	93815
375.36	0.0	T10	10	93840
375.46	0.0	T1	1	93865
375.56	0.0	T2	2	93890
375.66	0.0	T3	3	93915
375.76	0.0	T4	4	93940
375.86	0.0	T5	5	93965
375.96	0.0	T6	6	93990
376.06	0.0	T7	7	94015
376.16	0.0	T8	8	94040
376.26	0.0	T9	9	94065
376.36	0.0	T10	10	94090
376.46	0.0	T1	1	94115
376.56	0.0	T2	2	94140
376.66	0.0	T3	3	94165
376.76	0.0	T4	4	94190
376.86	0.0	T5	5	94215
376.96	0.0	T6	6	94240
377.06	0.0	T7	7	94265
377.16	0.0	T8	8	94290
377.26	0.0	T9	9	94315
377.36	0.0	T10	10	94340
377.46	0.0	T1	1	94365
377.56	0.0	T2	2	94390
377.66	0.0	T3	3	94415
377.76	0.0	T4	4	94440
377.86	0.0	T5	5	94465
377.96	0.0	T6	6	94490
378.06	0.0	T7	7	94515
378.16	0.0	T8	8	94540
378.26	0.0	T9	9	94565
378.36	0.0	T10	10	94590
378.46	0.0	T1	1	94615
378.56	0.0	T2	2	94640
378.66	0.0	T3	3	94665
378.76	0.0	T4	4	94690
378.86	0.0	T5	5	94715
378.96	0.0	T6	6	94740
379.06	0.0	T7	7	94765
379.16	0.0	T8	8	94790
379.26	0.0	T9	9	94815
379.36	0.0	T10	10	94840
379.46	0.0	T1	1	94865
379.56	0.0	T2	2	94890
379.66	0.0	T3	3	94915
379.76	0.0	T4	4	94940
379.86	0.0	T5	5	94965
379.96	0.0	T6	6	94990
380.06	0.0	T7	7	95015
380.16	0.0	T8	8	95040
380.26	0.0	T9	9	95065
380.36	0.0	T10	10	95090
380.46	0.0	T1	1	95115
380.56	0.0	T2	2	95140
380.66	0.0	T3	3	95165
380.76	0.0	T4	4	95190
380.86	0.0	T5	5	95215
380.96	0.0	T6	6	95240
381.06	0.0	T7	7	95265
381.16	0.0	T8	8	95290
381.26	0.0	T9	9	95315
381.36	0.0	T10	10	95340
381.46	0.0	T1	1	95365
381.56	0.0	T2	2	95390
381.66	0.0	T3	3	95415
381.76	0.0	T4	4	95440
381.86	0.0	T5	5	95465
381.96	0.0	T6	6	95490
382.06	0.0	T7	7	95515
382.16	0.0	T8	8	95540
382.26	0.0	T9	9	95565
382.36	0.0	T10	10	95590
382.464	0.0	T1	1	95616
382.564	0.0	T2	2	95641
382.664	0.0	T3	3	95666
382.764	0.0	T4	4	95691
382.864	0.0	T5	5	95716
382.964	0.0	T6	6	95741
383.064	0.0	T7	7	95766
383.164	0.0	T8	8	95791
383.264	0.0	T9	9	95816
383.364	0.0	T10	10	95841
383.464	0.0	T1	1	95866
383.564	0.0	T2	2	95891
383.664	0.0	T3	3	95916
383.764	0.0	T4	4	95941
383.864	0.0	T5	5	95966
383.964	0.0	T6	6	95991
384.064	0.0	T7	7	96016
384.164	0.0	T8	8	96041
384.264	0.0	T9	9	96066
384.364	0.0	T10	10	96091
384.464	0.0	T1	1	96116
384.564	0.0	T2	2	96141
384.664	0.0	T3	3	96166
384.764	0.0	T4	4	96191
384.864	0.0	T5	5	96216
384.964	0.0	T6	6	96241
385.064	0.0	T7	7	96266
385.164	0.0	T8	8	96291
385.264	0.0	T9	9	96316
385.364	0.0	T10	10	96341
385.464	0.0	T1	1	96366
385.564	0.0	T2	2	96391
385.664	0.0	T3	3	96416
385.764	0.0	T4	4	96441
385.864	0.0	T5	5	96466
385.964	0.0	T6	6	96491
386.064	0.0	T7	7	96516
386.164	0.0	T8	8	96541
386.264	0.0	T9	9	96566
386.364	0.0	T10	10	96591
386.464	0.0	T1	1	96616
386.564	0.0	T2	2	96641
386.664	0.0	T3	3	96666
386.764	0.0	T4	4	96691
386.864	0.0	T5	5	96716
386.964	0.0	T6	6	96741
387.064	0.0	T7	7	96766
387.164	0.0	T8	8	96791
387.264	0.0	T9	9	96816
387.364	0.0	T10	10	96841
387.464	0.0	T1	1	96866
387.564	0.0	T2	2	96891
387.664	0.0	T3	3	96916
387.764	0.0	T4	4	96941
387.864	0.0	T5	5	96966
387.964	0.0	T6	6	96991
388.064	0.0	T7	7	97016
388.164	0.0	T8	8	97041
388.264	0.0	T9	9	97066
388.364	0.0	T10	10	97091
388.464	0.0	T1	1	97116
388.564	0.0	T2	2	97141
388.664	0.0	T3	3	97166
388.764	0.0	T4	4	97191
388.864	0.0	T5	5	97216
388.964	0.0	T6	6	97241
389.064	0.0	T7	7	97266
389.164	0.0	T8	8	97291
389.264	0.0	T9	9	97316
389.364	0.0	T10	10	97341
389.464	0.0	T1	1	97366
389.564	0.0	T2	2	97391
389.664	0.0	T3	3	97416
389.764	0.0	T4	4	97441
389.864	0.0	T5	5	97466
389.964	0.0	T6	6	97491
390.064	0.0	T7	7	97516
390.164	0.0	T8	8	97541
390.264	0.0	T9	9	97566
390.364	0.0	T10	10	97591
390.464	0.0	T1	1	97616
390.564	0.0	T2	2	97641
390.664	0.0	T3	3	97666
390.764	0.0	T4	4	97691
390.864	0.0	T5	5	97716
390.964	0.0	T6	6	97741
391.064	0.0	T7	7	97766
391.164	0.0	T8	8	97791
391.264	0.0	T9	9	97816
391.364	0.0	T10	10	97841
391.464	0.0	T1	1	97866
391.564	0.0	T2	2	97891
391.664	0.0	T3	3	97916
391.764	0.0	T4	4	97941
391.864	0.0	T5	5	97966
391.964	0.0	T6	6	97991
392.064	0.0	T7	7	98016
392.164	0.0	T8	8	98041
392.264	0.0	T9	9	98066
392.364	0.0	T10	10	98091
392.464	0.0	T1	1	98116
392.564	0.0	T2	2	98141
392.664	0.0	T3	3	98166
392.764	0.0	T4	4	98191
392.864	0.0	T5	5	98216
392.964	0.0	T6	6	98241
393.064	0.0	T7	7	98266
393.164	0.0	T8	8	98291
393.264	0.0	T9	9	98316
393.364	0.0	T10	10	98341
393.464	0.0	T1	1	98366
393.564	0.0	T2	2	98391
393.664	0.0	T3	3	98416
393.764	0.0	T4	4	98441
393.864	0.0	T5	5	98466
393.964	0.0	T6	6	98491
394.064	0.0	T7	7	98516
394.164	0.0	T8	8	98541
394.264	0.0	T9	9	98566
394.364	0.0	T10	10	98591
394.464	0.0	T1	1	98616
394.564	0.0	T2	2	98641
394.664	0.0	T3	3	98666
394.764	0.0	T4	4	98691
394.864	0.0	T5	5	98716
394.964	0.0	T6	6	98741
395.064	0.0	T7	7	98766
395.164	0.0	T8	8	98791
395.264	0.0	T9	9	98816
395.364	0.0	T10	10	98841
395.464	0.0	T1	1	98866
395.564	0.0	T2	2	98891
395.664	0.0	T3	3	98916
395.764	0.0	T4	4	98941
395.864	0.0	T5	5	98966
395.964	0.0	T6	6	98991
396.064	0.0	T7	7	99016
396.164	0.0	T8	8	99041
396.264	0.0	T9	9	99066
396.364	0.0	T10	10	99091
396.464	0.0	T1	1	99116
396.564	0.0	T2	2	99141
396.664	0.0	T3	3	99166
396.764	0.0	T4	4	99191
396.864	0.0	T5	5	99216
396.964	0.0	T6	6	99241
397.064	0.0	T7	7	99266
397.164	0.0	T8	8	99291
397.264	0.0	T9	9	99316
397.364	0.0	T10	10	99341
397.464	0.0	T1	1	99366
397.564	0.0	T2	2	99391
397.664	0.0	T3	3	99416
397.764	0.0	T4	4	99441
397.864	0.0	T5	5	99466
397.964	0.0	T6	6	99491
398.064	0.0	T7	7	99516
398.168	0.0	T8	8	99542
398.264	0.0	T9	9	99566
398.364	0.0	T10	10	99591
398.464	0.0	T1	1	99616
398.564	0.0	T2	2	99641
398.664	0.0	T3	3	99666
398.764	0.0	T4	4	99691
398.864	0.0	T5	5	99716
398.964	0.0	T6	6	99741
399.064	0.0	T7	7	99766
399.164	0.0	T8	8	99791
399.264	0.0	T9	9	99816
399.364	0.0	T10	10	99841
399.464	0.0	T1	1	99866
399.564	0.0	T2	2	99891
399.664	0.0	T3	3	99916
399.764	0.0	T4	4	99941
399.864	0.0	T5	5	99966
399.964	0.0	T6	6	99991
400.064	0.0	T7	7	100016
400.164	0.0	T8	8	100041
400.264	0.0	T9	9	100066
400.364	0.0	T10	10	100091
400.464	0.0	T1	1	100116
400.564	0.0	T2	2	100141
400.664	0.0	T3	3	100166
400.764	0.0	T4	4	100191
400.864	0.0	T5	5	100216
400.964	0.0	T6	6	100241
401.064	0.0	T7	7	100266
401.164	0.0	T8	8	100291
401.264	0.0	T9	9	100316
401.364	0.0	T10	10	100341
401.464	0.0	T1	1	100366
401.564	0.0	T2	2	100391
401.664	0.0	T3	3	100416
401.764	0.0	T4	4	100441
401.864	0.0	T5	5	100466
401.964	0.0	T6	6	100491
402.064	0.0	T7	7	100516
402.164	0.0	T8	8	100541
402.264	0.0	T9	9	100566
402.364	0.0	T10	10	100591
402.464	0.0	T1	1	100616
402.564	0.0	T2	2	100641
402.664	0.0	T3	3	100666
402.764	0.0	T4	4	100691
402.864	0.0	T5	5	100716
402.964	0.0	T6	6	100741
403.064	0.0	T7	7	100766
403.164	0.0	T8	8	100791
403.268	0.0	T9	9	100817
403.368	0.0	T10	10	100842
403.468	0.0	T1	1	100867
403.568	0.0	T2	2	100892
403.664	0.0	T3	3	100916
403.768	0.0	T4	4	100942
403.868	0.0	T5	5	100967
403.968	0.0	T6	6	100992
404.068	0.0	T7	7	101017
404.164	0.0	T8	8	101041
404.268	0.0	T9	9	101067
404.368	0.0	T10	10	101092
404.468	0.0	T1	1	101117
404.568	0.0	T2	2	101142
404.668	0.0	T3	3	101167
404.768	0.0	T4	4	101192
404.868	0.0	T5	5	101217
404.968	0.0	T6	6	101242
405.068	0.0	T7	7	101267
405.168	0.0	T8	8	101292
405.268	0.0	T9	9	101317
405.368	0.0	T10	10	101342
405.468	0.0	T1	1	101367
405.568	0.0	T2	2	101392
405.668	0.0	T3	3	101417
405.768	0.0	T4	4	101442
405.868	0.0	T5	5	101467
405.968	0.0	T6	6	101492
406.068	0.0	T7	7	101517
406.168	0.0	T8	8	101542
406.268	0.0	T9	9	101567
406.368	0.0	T10	10	101592
406.468	0.0	T1	1	101617
406.568	0.0	T2	2	101642
406.668	0.0	T3	3	101667
406.768	0.0	T4	4	101692
406.868	0.0	T5	5	101717
406.968	0.0	T6	6	101742
407.068	0.0	T7	7	101767
407.168	0.0	T8	8	101792
407.268	0.0	T9	9	101817
407.368	0.0	T10	10	101842
407.468	0.0	T1	1	101867
407.568	0.0	T2	2	101892
407.668	0.0	T3	3	101917
407.768	0.0	T4	4	101942
407.868	0.0	T5	5	101967
407.968	0.0	T6	6	101992
408.068	0.0	T7	7	102017
408.168	0.0	T8	8	102042
408.268	0.0	T9	9	102067
408.368	0.0	T10	10	102092
408.468	0.0	T1	1	102117
408.568	0.0	T2	2	102142
408.668	0.0	T3	3	102167
408.768	0.0	T4	4	102192
408.868	0.0	T5	5	102217
408.968	0.0	T6	6	102242
409.068	0.0	T7	7	102267
409.168	0.0	T8	8	102292
409.268	0.0	T9	9	102317
409.368	0.0	T10	10	102342
409.468	0.0	T1	1	102367
409.568	0.0	T2	2	102392
409.668	0.0	T3	3	102417
409.768	0.0	T4	4	102442
409.868	0.0	T5	5	102467
