onset	duration	trial_type	value	sample
5.972	0.0	T1	1	1493
6.072	0.0	T2	2	1518
6.172	0.0	T3	3	1543
6.272	0.0	T4	4	1568
6.372	0.0	T5	5	1593
6.472	0.0	T6	6	1618
6.572	0.0	T7	7	1643
6.672	0.0	T8	8	1668
6.772	0.0	T9	9	1693
6.872	0.0	T10	10	1718
6.972	0.0	T1	1	1743
7.072	0.0	T2	2	1768
7.172	0.0	T3	3	1793
7.272	0.0	T4	4	1818
7.372	0.0	T5	5	1843
7.472	0.0	T6	6	1868
7.572	0.0	T7	7	1893
7.672	0.0	T8	8	1918
7.772	0.0	T9	9	1943
7.872	0.0	T10	10	1968
7.972	0.0	T1	1	1993
8.072	0.0	T2	2	2018
8.172	0.0	T3	3	2043
8.272	0.0	T4	4	2068
8.372	0.0	T5	5	2093
8.472	0.0	T6	6	2118
8.572	0.0	T7	7	2143
8.672	0.0	T8	8	2168
8.772	0.0	T9	9	2193
8.872	0.0	T10	10	2218
8.972	0.0	T1	1	2243
9.072	0.0	T2	2	2268
9.172	0.0	T3	3	2293
9.272	0.0	T4	4	2318
9.372	0.0	T5	5	2343
9.472	0.0	T6	6	2368
9.572	0.0	T7	7	2393
9.672	0.0	T8	8	2418
9.772	0.0	T9	9	2443
9.872	0.0	T10	10	2468
9.972	0.0	T1	1	2493
10.072	0.0	T2	2	2518
10.172	0.0	T3	3	2543
10.272	0.0	T4	4	2568
10.372	0.0	T5	5	2593
10.472	0.0	T6	6	2618
10.572	0.0	T7	7	2643
10.672	0.0	T8	8	2668
10.772	0.0	T9	9	2693
10.872	0.0	T10	10	2718
10.972	0.0	T1	1	2743
11.072	0.0	T2	2	2768
11.172	0.0	T3	3	2793
11.272	0.0	T4	4	2818
11.372	0.0	T5	5	2843
11.472	0.0	T6	6	2868
11.572	0.0	T7	7	2893
11.672	0.0	T8	8	2918
11.772	0.0	T9	9	2943
11.872	0.0	T10	10	2968
11.972	0.0	T1	1	2993
12.072	0.0	T2	2	3018
12.172	0.0	T3	3	3043
12.272	0.0	T4	4	3068
12.372	0.0	T5	5	3093
12.472	0.0	T6	6	3118
12.572	0.0	T7	7	3143
12.672	0.0	T8	8	3168
12.772	0.0	T9	9	3193
12.872	0.0	T10	10	3218
12.976	0.0	T1	1	3244
13.072	0.0	T2	2	3268
13.172	0.0	T3	3	3293
13.272	0.0	T4	4	3318
13.372	0.0	T5	5	3343
13.476	0.0	T6	6	3369
13.572	0.0	T7	7	3393
13.676	0.0	T8	8	3419
13.776	0.0	T9	9	3444
13.876	0.0	T10	10	3469
13.976	0.0	T1	1	3494
14.076	0.0	T2	2	3519
14.176	0.0	T3	3	3544
14.276	0.0	T4	4	3569
14.376	0.0	T5	5	3594
14.476	0.0	T6	6	3619
14.576	0.0	T7	7	3644
14.676	0.0	T8	8	3669
14.776	0.0	T9	9	3694
14.876	0.0	T10	10	3719
14.976	0.0	T1	1	3744
15.076	0.0	T2	2	3769
15.176	0.0	T3	3	3794
15.276	0.0	T4	4	3819
15.376	0.0	T5	5	3844
15.476	0.0	T6	6	3869
15.576	0.0	T7	7	3894
15.676	0.0	T8	8	3919
15.776	0.0	T9	9	3944
15.876	0.0	T10	10	3969
15.976	0.0	T1	1	3994
16.076	0.0	T2	2	4019
16.176	0.0	T3	3	4044
16.276	0.0	T4	4	4069
16.376	0.0	T5	5	4094
16.476	0.0	T6	6	4119
16.576	0.0	T7	7	4144
16.676	0.0	T8	8	4169
16.776	0.0	T9	9	4194
16.876	0.0	T10	10	4219
16.976	0.0	T1	1	4244
17.076	0.0	T2	2	4269
17.176	0.0	T3	3	4294
17.276	0.0	T4	4	4319
17.376	0.0	T5	5	4344
17.476	0.0	T6	6	4369
17.576	0.0	T7	7	4394
17.676	0.0	T8	8	4419
17.776	0.0	T9	9	4444
17.876	0.0	T10	10	4469
17.976	0.0	T1	1	4494
18.08	0.0	T2	2	4520
18.176	0.0	T3	3	4544
18.276	0.0	T4	4	4569
18.376	0.0	T5	5	4594
18.476	0.0	T6	6	4619
18.576	0.0	T7	7	4644
18.676	0.0	T8	8	4669
18.776	0.0	T9	9	4694
18.876	0.0	T10	10	4719
18.976	0.0	T1	1	4744
19.08	0.0	T2	2	4770
19.176	0.0	T3	3	4794
19.28	0.0	T4	4	4820
19.38	0.0	T5	5	4845
19.476	0.0	T6	6	4869
19.58	0.0	T7	7	4895
19.68	0.0	T8	8	4920
19.78	0.0	T9	9	4945
19.88	0.0	T10	10	4970
19.98	0.0	T1	1	4995
20.08	0.0	T2	2	5020
20.18	0.0	T3	3	5045
20.28	0.0	T4	4	5070
20.38	0.0	T5	5	5095
20.48	0.0	T6	6	5120
20.58	0.0	T7	7	5145
20.68	0.0	T8	8	5170
20.78	0.0	T9	9	5195
20.88	0.0	T10	10	5220
20.98	0.0	T1	1	5245
21.08	0.0	T2	2	5270
21.18	0.0	T3	3	5295
21.28	0.0	T4	4	5320
21.38	0.0	T5	5	5345
21.48	0.0	T6	6	5370
21.58	0.0	T7	7	5395
21.68	0.0	T8	8	5420
21.78	0.0	T9	9	5445
21.88	0.0	T10	10	5470
21.98	0.0	T1	1	5495
22.08	0.0	T2	2	5520
22.18	0.0	T3	3	5545
22.28	0.0	T4	4	5570
22.38	0.0	T5	5	5595
22.48	0.0	T6	6	5620
22.58	0.0	T7	7	5645
22.68	0.0	T8	8	5670
22.78	0.0	T9	9	5695
22.88	0.0	T10	10	5720
22.98	0.0	T1	1	5745
23.08	0.0	T2	2	5770
23.18	0.0	T3	3	5795
23.28	0.0	T4	4	5820
23.38	0.0	T5	5	5845
23.48	0.0	T6	6	5870
23.58	0.0	T7	7	5895
23.68	0.0	T8	8	5920
23.78	0.0	T9	9	5945
23.88	0.0	T10	10	5970
23.984	0.0	T1	1	5996
24.08	0.0	T2	2	6020
24.184	0.0	T3	3	6046
24.284	0.0	T4	4	6071
24.38	0.0	T5	5	6095
24.48	0.0	T6	6	6120
24.58	0.0	T7	7	6145
24.68	0.0	T8	8	6170
24.784	0.0	T9	9	6196
24.884	0.0	T10	10	6221
24.984	0.0	T1	1	6246
25.084	0.0	T2	2	6271
25.184	0.0	T3	3	6296
25.284	0.0	T4	4	6321
25.384	0.0	T5	5	6346
25.484	0.0	T6	6	6371
25.584	0.0	T7	7	6396
25.684	0.0	T8	8	6421
25.784	0.0	T9	9	6446
25.884	0.0	T10	10	6471
25.984	0.0	T1	1	6496
26.084	0.0	T2	2	6521
26.184	0.0	T3	3	6546
26.284	0.0	T4	4	6571
26.384	0.0	T5	5	6596
26.484	0.0	T6	6	6621
26.584	0.0	T7	7	6646
26.684	0.0	T8	8	6671
26.784	0.0	T9	9	6696
26.884	0.0	T10	10	6721
26.984	0.0	T1	1	6746
27.084	0.0	T2	2	6771
27.184	0.0	T3	3	6796
27.284	0.0	T4	4	6821
27.384	0.0	T5	5	6846
27.484	0.0	T6	6	6871
27.584	0.0	T7	7	6896
27.684	0.0	T8	8	6921
27.784	0.0	T9	9	6946
27.884	0.0	T10	10	6971
27.984	0.0	T1	1	6996
28.084	0.0	T2	2	7021
28.184	0.0	T3	3	7046
28.284	0.0	T4	4	7071
28.384	0.0	T5	5	7096
28.484	0.0	T6	6	7121
28.584	0.0	T7	7	7146
28.684	0.0	T8	8	7171
28.784	0.0	T9	9	7196
28.884	0.0	T10	10	7221
28.988	0.0	T1	1	7247
29.088	0.0	T2	2	7272
29.184	0.0	T3	3	7296
29.288	0.0	T4	4	7322
29.388	0.0	T5	5	7347
29.488	0.0	T6	6	7372
29.588	0.0	T7	7	7397
29.688	0.0	T8	8	7422
29.788	0.0	T9	9	7447
29.888	0.0	T10	10	7472
29.988	0.0	T1	1	7497
30.088	0.0	T2	2	7522
30.188	0.0	T3	3	7547
30.288	0.0	T4	4	7572
30.388	0.0	T5	5	7597
30.488	0.0	T6	6	7622
30.588	0.0	T7	7	7647
30.688	0.0	T8	8	7672
30.788	0.0	T9	9	7697
30.888	0.0	T10	10	7722
30.988	0.0	T1	1	7747
31.088	0.0	T2	2	7772
31.188	0.0	T3	3	7797
31.288	0.0	T4	4	7822
31.388	0.0	T5	5	7847
31.488	0.0	T6	6	7872
31.588	0.0	T7	7	7897
31.688	0.0	T8	8	7922
31.788	0.0	T9	9	7947
31.888	0.0	T10	10	7972
31.988	0.0	T1	1	7997
32.088	0.0	T2	2	8022
32.188	0.0	T3	3	8047
32.288	0.0	T4	4	8072
32.388	0.0	T5	5	8097
32.488	0.0	T6	6	8122
32.588	0.0	T7	7	8147
32.688	0.0	T8	8	8172
32.788	0.0	T9	9	8197
32.888	0.0	T10	10	8222
32.988	0.0	T1	1	8247
33.088	0.0	T2	2	8272
33.188	0.0	T3	3	8297
33.288	0.0	T4	4	8322
33.388	0.0	T5	5	8347
33.488	0.0	T6	6	8372
33.588	0.0	T7	7	8397
33.688	0.0	T8	8	8422
33.792	0.0	T9	9	8448
33.892	0.0	T10	10	8473
33.992	0.0	T1	1	8498
34.092	0.0	T2	2	8523
34.192	0.0	T3	3	8548
34.292	0.0	T4	4	8573
34.392	0.0	T5	5	8598
34.492	0.0	T6	6	8623
34.592	0.0	T7	7	8648
34.692	0.0	T8	8	8673
34.792	0.0	T9	9	8698
34.892	0.0	T10	10	8723
34.992	0.0	T1	1	8748
35.092	0.0	T2	2	8773
35.192	0.0	T3	3	8798
35.292	0.0	T4	4	8823
35.392	0.0	T5	5	8848
35.492	0.0	T6	6	8873
35.592	0.0	T7	7	8898
35.692	0.0	T8	8	8923
35.792	0.0	T9	9	8948
35.892	0.0	T10	10	8973
35.992	0.0	T1	1	8998
36.092	0.0	T2	2	9023
36.192	0.0	T3	3	9048
36.292	0.0	T4	4	9073
36.392	0.0	T5	5	9098
36.492	0.0	T6	6	9123
36.592	0.0	T7	7	9148
36.692	0.0	T8	8	9173
36.792	0.0	T9	9	9198
36.892	0.0	T10	10	9223
36.992	0.0	T1	1	9248
37.092	0.0	T2	2	9273
37.192	0.0	T3	3	9298
37.292	0.0	T4	4	9323
37.392	0.0	T5	5	9348
37.492	0.0	T6	6	9373
37.592	0.0	T7	7	9398
37.692	0.0	T8	8	9423
37.792	0.0	T9	9	9448
37.892	0.0	T10	10	9473
37.992	0.0	T1	1	9498
38.092	0.0	T2	2	9523
38.192	0.0	T3	3	9548
38.292	0.0	T4	4	9573
38.392	0.0	T5	5	9598
38.492	0.0	T6	6	9623
38.592	0.0	T7	7	9648
38.692	0.0	T8	8	9673
38.792	0.0	T9	9	9698
38.892	0.0	T10	10	9723
38.992	0.0	T1	1	9748
39.092	0.0	T2	2	9773
39.192	0.0	T3	3	9798
39.292	0.0	T4	4	9823
39.392	0.0	T5	5	9848
39.492	0.0	T6	6	9873
39.596	0.0	T7	7	9899
39.696	0.0	T8	8	9924
39.796	0.0	T9	9	9949
39.896	0.0	T10	10	9974
39.996	0.0	T1	1	9999
40.096	0.0	T2	2	10024
40.196	0.0	T3	3	10049
40.296	0.0	T4	4	10074
40.396	0.0	T5	5	10099
40.496	0.0	T6	6	10124
40.596	0.0	T7	7	10149
40.696	0.0	T8	8	10174
40.796	0.0	T9	9	10199
40.896	0.0	T10	10	10224
40.996	0.0	T1	1	10249
41.096	0.0	T2	2	10274
41.196	0.0	T3	3	10299
41.296	0.0	T4	4	10324
41.396	0.0	T5	5	10349
41.496	0.0	T6	6	10374
41.596	0.0	T7	7	10399
41.696	0.0	T8	8	10424
41.796	0.0	T9	9	10449
41.896	0.0	T10	10	10474
41.996	0.0	T1	1	10499
42.096	0.0	T2	2	10524
42.196	0.0	T3	3	10549
42.296	0.0	T4	4	10574
42.396	0.0	T5	5	10599
42.496	0.0	T6	6	10624
42.596	0.0	T7	7	10649
42.696	0.0	T8	8	10674
42.796	0.0	T9	9	10699
42.896	0.0	T10	10	10724
42.996	0.0	T1	1	10749
43.096	0.0	T2	2	10774
43.196	0.0	T3	3	10799
43.296	0.0	T4	4	10824
43.396	0.0	T5	5	10849
43.496	0.0	T6	6	10874
43.596	0.0	T7	7	10899
43.696	0.0	T8	8	10924
43.796	0.0	T9	9	10949
43.896	0.0	T10	10	10974
43.996	0.0	T1	1	10999
44.096	0.0	T2	2	11024
44.196	0.0	T3	3	11049
44.296	0.0	T4	4	11074
44.396	0.0	T5	5	11099
44.496	0.0	T6	6	11124
44.596	0.0	T7	7	11149
44.696	0.0	T8	8	11174
44.796	0.0	T9	9	11199
44.896	0.0	T10	10	11224
44.996	0.0	T1	1	11249
45.1	0.0	T2	2	11275
45.2	0.0	T3	3	11300
45.3	0.0	T4	4	11325
45.4	0.0	T5	5	11350
45.5	0.0	T6	6	11375
45.6	0.0	T7	7	11400
45.7	0.0	T8	8	11425
45.8	0.0	T9	9	11450
45.9	0.0	T10	10	11475
46.0	0.0	T1	1	11500
46.1	0.0	T2	2	11525
46.2	0.0	T3	3	11550
46.3	0.0	T4	4	11575
46.4	0.0	T5	5	11600
46.5	0.0	T6	6	11625
46.6	0.0	T7	7	11650
46.7	0.0	T8	8	11675
46.8	0.0	T9	9	11700
46.9	0.0	T10	10	11725
47.0	0.0	T1	1	11750
47.1	0.0	T2	2	11775
47.2	0.0	T3	3	11800
47.3	0.0	T4	4	11825
47.4	0.0	T5	5	11850
47.5	0.0	T6	6	11875
47.6	0.0	T7	7	11900
47.7	0.0	T8	8	11925
47.8	0.0	T9	9	11950
47.9	0.0	T10	10	11975
48.0	0.0	T1	1	12000
48.1	0.0	T2	2	12025
48.2	0.0	T3	3	12050
48.3	0.0	T4	4	12075
48.4	0.0	T5	5	12100
48.5	0.0	T6	6	12125
48.6	0.0	T7	7	12150
48.7	0.0	T8	8	12175
48.8	0.0	T9	9	12200
48.9	0.0	T10	10	12225
49.0	0.0	T1	1	12250
49.1	0.0	T2	2	12275
49.204	0.0	T3	3	12301
49.3	0.0	T4	4	12325
49.4	0.0	T5	5	12350
49.5	0.0	T6	6	12375
49.6	0.0	T7	7	12400
49.7	0.0	T8	8	12425
49.8	0.0	T9	9	12450
49.904	0.0	T10	10	12476
50.0	0.0	T1	1	12500
50.1	0.0	T2	2	12525
50.204	0.0	T3	3	12551
50.304	0.0	T4	4	12576
50.404	0.0	T5	5	12601
50.504	0.0	T6	6	12626
50.604	0.0	T7	7	12651
50.704	0.0	T8	8	12676
50.804	0.0	T9	9	12701
50.904	0.0	T10	10	12726
51.004	0.0	T1	1	12751
51.104	0.0	T2	2	12776
51.204	0.0	T3	3	12801
51.304	0.0	T4	4	12826
51.404	0.0	T5	5	12851
51.504	0.0	T6	6	12876
51.604	0.0	T7	7	12901
51.704	0.0	T8	8	12926
51.804	0.0	T9	9	12951
51.904	0.0	T10	10	12976
52.004	0.0	T1	1	13001
52.104	0.0	T2	2	13026
52.204	0.0	T3	3	13051
52.304	0.0	T4	4	13076
52.404	0.0	T5	5	13101
52.504	0.0	T6	6	13126
52.604	0.0	T7	7	13151
52.704	0.0	T8	8	13176
52.804	0.0	T9	9	13201
52.904	0.0	T10	10	13226
53.004	0.0	T1	1	13251
53.104	0.0	T2	2	13276
53.204	0.0	T3	3	13301
53.304	0.0	T4	4	13326
53.404	0.0	T5	5	13351
53.504	0.0	T6	6	13376
53.604	0.0	T7	7	13401
53.704	0.0	T8	8	13426
53.804	0.0	T9	9	13451
53.904	0.0	T10	10	13476
54.004	0.0	T1	1	13501
54.104	0.0	T2	2	13526
54.204	0.0	T3	3	13551
54.304	0.0	T4	4	13576
54.404	0.0	T5	5	13601
54.504	0.0	T6	6	13626
54.604	0.0	T7	7	13651
54.704	0.0	T8	8	13676
54.804	0.0	T9	9	13701
54.908	0.0	T10	10	13727
55.004	0.0	T1	1	13751
55.104	0.0	T2	2	13776
55.204	0.0	T3	3	13801
55.304	0.0	T4	4	13826
55.404	0.0	T5	5	13851
55.504	0.0	T6	6	13876
55.604	0.0	T7	7	13901
55.708	0.0	T8	8	13927
55.804	0.0	T9	9	13951
55.904	0.0	T10	10	13976
56.008	0.0	T1	1	14002
56.108	0.0	T2	2	14027
56.208	0.0	T3	3	14052
56.308	0.0	T4	4	14077
56.408	0.0	T5	5	14102
56.508	0.0	T6	6	14127
56.608	0.0	T7	7	14152
56.708	0.0	T8	8	14177
56.808	0.0	T9	9	14202
56.908	0.0	T10	10	14227
57.008	0.0	T1	1	14252
57.108	0.0	T2	2	14277
57.208	0.0	T3	3	14302
57.308	0.0	T4	4	14327
57.408	0.0	T5	5	14352
57.508	0.0	T6	6	14377
57.608	0.0	T7	7	14402
57.708	0.0	T8	8	14427
57.808	0.0	T9	9	14452
57.908	0.0	T10	10	14477
58.008	0.0	T1	1	14502
58.108	0.0	T2	2	14527
58.208	0.0	T3	3	14552
58.308	0.0	T4	4	14577
58.408	0.0	T5	5	14602
58.508	0.0	T6	6	14627
58.608	0.0	T7	7	14652
58.708	0.0	T8	8	14677
58.808	0.0	T9	9	14702
58.908	0.0	T10	10	14727
59.008	0.0	T1	1	14752
59.108	0.0	T2	2	14777
59.208	0.0	T3	3	14802
59.308	0.0	T4	4	14827
59.408	0.0	T5	5	14852
59.508	0.0	T6	6	14877
59.608	0.0	T7	7	14902
59.708	0.0	T8	8	14927
59.808	0.0	T9	9	14952
59.908	0.0	T10	10	14977
60.008	0.0	T1	1	15002
60.108	0.0	T2	2	15027
60.208	0.0	T3	3	15052
60.308	0.0	T4	4	15077
60.408	0.0	T5	5	15102
60.508	0.0	T6	6	15127
60.608	0.0	T7	7	15152
60.708	0.0	T8	8	15177
60.808	0.0	T9	9	15202
60.908	0.0	T10	10	15227
61.008	0.0	T1	1	15252
61.112	0.0	T2	2	15278
61.212	0.0	T3	3	15303
61.312	0.0	T4	4	15328
61.412	0.0	T5	5	15353
61.512	0.0	T6	6	15378
61.612	0.0	T7	7	15403
61.712	0.0	T8	8	15428
61.812	0.0	T9	9	15453
61.912	0.0	T10	10	15478
62.012	0.0	T1	1	15503
62.112	0.0	T2	2	15528
62.212	0.0	T3	3	15553
62.312	0.0	T4	4	15578
62.412	0.0	T5	5	15603
62.512	0.0	T6	6	15628
62.612	0.0	T7	7	15653
62.712	0.0	T8	8	15678
62.812	0.0	T9	9	15703
62.912	0.0	T10	10	15728
63.012	0.0	T1	1	15753
63.112	0.0	T2	2	15778
63.212	0.0	T3	3	15803
63.312	0.0	T4	4	15828
63.412	0.0	T5	5	15853
63.512	0.0	T6	6	15878
63.612	0.0	T7	7	15903
63.712	0.0	T8	8	15928
63.812	0.0	T9	9	15953
63.912	0.0	T10	10	15978
64.012	0.0	T1	1	16003
64.112	0.0	T2	2	16028
64.212	0.0	T3	3	16053
64.312	0.0	T4	4	16078
64.412	0.0	T5	5	16103
64.512	0.0	T6	6	16128
64.612	0.0	T7	7	16153
64.712	0.0	T8	8	16178
64.812	0.0	T9	9	16203
64.912	0.0	T10	10	16228
65.012	0.0	T1	1	16253
65.112	0.0	T2	2	16278
65.212	0.0	T3	3	16303
65.312	0.0	T4	4	16328
65.412	0.0	T5	5	16353
65.512	0.0	T6	6	16378
65.616	0.0	T7	7	16404
65.716	0.0	T8	8	16429
65.816	0.0	T9	9	16454
65.916	0.0	T10	10	16479
166.808	0.0	T1	1	41702
166.908	0.0	T2	2	41727
167.008	0.0	T3	3	41752
167.108	0.0	T4	4	41777
167.208	0.0	T5	5	41802
167.308	0.0	T6	6	41827
167.408	0.0	T7	7	41852
167.508	0.0	T8	8	41877
167.608	0.0	T9	9	41902
167.708	0.0	T10	10	41927
167.808	0.0	T1	1	41952
167.908	0.0	T2	2	41977
168.008	0.0	T3	3	42002
168.108	0.0	T4	4	42027
168.208	0.0	T5	5	42052
168.308	0.0	T6	6	42077
168.408	0.0	T7	7	42102
168.508	0.0	T8	8	42127
168.608	0.0	T9	9	42152
168.708	0.0	T10	10	42177
168.808	0.0	T1	1	42202
168.908	0.0	T2	2	42227
169.008	0.0	T3	3	42252
169.108	0.0	T4	4	42277
169.208	0.0	T5	5	42302
169.308	0.0	T6	6	42327
169.408	0.0	T7	7	42352
169.508	0.0	T8	8	42377
169.608	0.0	T9	9	42402
169.708	0.0	T10	10	42427
169.808	0.0	T1	1	42452
169.908	0.0	T2	2	42477
170.008	0.0	T3	3	42502
170.108	0.0	T4	4	42527
170.208	0.0	T5	5	42552
170.308	0.0	T6	6	42577
170.408	0.0	T7	7	42602
170.512	0.0	T8	8	42628
170.612	0.0	T9	9	42653
170.712	0.0	T10	10	42678
170.812	0.0	T1	1	42703
170.912	0.0	T2	2	42728
171.012	0.0	T3	3	42753
171.112	0.0	T4	4	42778
171.212	0.0	T5	5	42803
171.312	0.0	T6	6	42828
171.412	0.0	T7	7	42853
171.512	0.0	T8	8	42878
171.612	0.0	T9	9	42903
171.712	0.0	T10	10	42928
171.812	0.0	T1	1	42953
171.912	0.0	T2	2	42978
172.012	0.0	T3	3	43003
172.112	0.0	T4	4	43028
172.212	0.0	T5	5	43053
172.312	0.0	T6	6	43078
172.412	0.0	T7	7	43103
172.512	0.0	T8	8	43128
172.612	0.0	T9	9	43153
172.712	0.0	T10	10	43178
172.812	0.0	T1	1	43203
172.912	0.0	T2	2	43228
173.012	0.0	T3	3	43253
173.112	0.0	T4	4	43278
173.212	0.0	T5	5	43303
173.312	0.0	T6	6	43328
173.412	0.0	T7	7	43353
173.512	0.0	T8	8	43378
173.612	0.0	T9	9	43403
173.712	0.0	T10	10	43428
173.812	0.0	T1	1	43453
173.912	0.0	T2	2	43478
174.012	0.0	T3	3	43503
174.112	0.0	T4	4	43528
174.212	0.0	T5	5	43553
174.312	0.0	T6	6	43578
174.412	0.0	T7	7	43603
174.512	0.0	T8	8	43628
174.612	0.0	T9	9	43653
174.712	0.0	T10	10	43678
174.812	0.0	T1	1	43703
174.912	0.0	T2	2	43728
175.012	0.0	T3	3	43753
175.112	0.0	T4	4	43778
175.212	0.0	T5	5	43803
175.316	0.0	T6	6	43829
175.412	0.0	T7	7	43853
175.512	0.0	T8	8	43878
175.612	0.0	T9	9	43903
175.712	0.0	T10	10	43928
175.816	0.0	T1	1	43954
175.912	0.0	T2	2	43978
176.012	0.0	T3	3	44003
176.116	0.0	T4	4	44029
176.216	0.0	T5	5	44054
176.316	0.0	T6	6	44079
176.416	0.0	T7	7	44104
176.516	0.0	T8	8	44129
176.616	0.0	T9	9	44154
176.716	0.0	T10	10	44179
176.816	0.0	T1	1	44204
176.916	0.0	T2	2	44229
177.016	0.0	T3	3	44254
177.116	0.0	T4	4	44279
177.216	0.0	T5	5	44304
177.316	0.0	T6	6	44329
177.416	0.0	T7	7	44354
177.516	0.0	T8	8	44379
177.616	0.0	T9	9	44404
177.716	0.0	T10	10	44429
177.816	0.0	T1	1	44454
177.916	0.0	T2	2	44479
178.016	0.0	T3	3	44504
178.116	0.0	T4	4	44529
178.216	0.0	T5	5	44554
178.316	0.0	T6	6	44579
178.416	0.0	T7	7	44604
178.516	0.0	T8	8	44629
178.616	0.0	T9	9	44654
178.716	0.0	T10	10	44679
178.816	0.0	T1	1	44704
180.216	0.0	T2	2	45054
180.316	0.0	T3	3	45079
180.416	0.0	T4	4	45104
180.516	0.0	T5	5	45129
180.616	0.0	T6	6	45154
180.716	0.0	T7	7	45179
180.816	0.0	T8	8	45204
195.412	0.0	T1	1	48853
195.512	0.0	T2	2	48878
195.612	0.0	T3	3	48903
195.712	0.0	T4	4	48928
195.812	0.0	T5	5	48953
195.912	0.0	T6	6	48978
196.012	0.0	T7	7	49003
196.112	0.0	T8	8	49028
196.212	0.0	T9	9	49053
196.312	0.0	T10	10	49078
196.412	0.0	T1	1	49103
196.512	0.0	T2	2	49128
196.612	0.0	T3	3	49153
196.712	0.0	T4	4	49178
196.812	0.0	T5	5	49203
196.912	0.0	T6	6	49228
197.012	0.0	T7	7	49253
197.112	0.0	T8	8	49278
197.212	0.0	T9	9	49303
197.312	0.0	T10	10	49328
197.412	0.0	T1	1	49353
197.512	0.0	T2	2	49378
197.612	0.0	T3	3	49403
197.712	0.0	T4	4	49428
197.812	0.0	T5	5	49453
197.912	0.0	T6	6	49478
198.012	0.0	T7	7	49503
198.112	0.0	T8	8	49528
198.212	0.0	T9	9	49553
198.316	0.0	T10	10	49579
198.416	0.0	T1	1	49604
198.516	0.0	T2	2	49629
198.616	0.0	T3	3	49654
198.716	0.0	T4	4	49679
198.816	0.0	T5	5	49704
198.916	0.0	T6	6	49729
199.016	0.0	T7	7	49754
199.116	0.0	T8	8	49779
199.216	0.0	T9	9	49804
199.316	0.0	T10	10	49829
199.416	0.0	T1	1	49854
199.516	0.0	T2	2	49879
199.616	0.0	T3	3	49904
199.716	0.0	T4	4	49929
199.816	0.0	T5	5	49954
199.916	0.0	T6	6	49979
200.016	0.0	T7	7	50004
200.116	0.0	T8	8	50029
200.216	0.0	T9	9	50054
200.316	0.0	T10	10	50079
200.416	0.0	T1	1	50104
200.516	0.0	T2	2	50129
200.616	0.0	T3	3	50154
200.716	0.0	T4	4	50179
200.816	0.0	T5	5	50204
200.916	0.0	T6	6	50229
201.016	0.0	T7	7	50254
201.116	0.0	T8	8	50279
201.216	0.0	T9	9	50304
201.316	0.0	T10	10	50329
201.416	0.0	T1	1	50354
201.516	0.0	T2	2	50379
201.616	0.0	T3	3	50404
201.716	0.0	T4	4	50429
201.816	0.0	T5	5	50454
201.916	0.0	T6	6	50479
202.016	0.0	T7	7	50504
202.116	0.0	T8	8	50529
202.216	0.0	T9	9	50554
202.316	0.0	T10	10	50579
202.416	0.0	T1	1	50604
202.516	0.0	T2	2	50629
202.616	0.0	T3	3	50654
202.716	0.0	T4	4	50679
202.816	0.0	T5	5	50704
202.916	0.0	T6	6	50729
203.016	0.0	T7	7	50754
203.116	0.0	T8	8	50779
203.216	0.0	T9	9	50804
203.316	0.0	T10	10	50829
203.416	0.0	T1	1	50854
203.516	0.0	T2	2	50879
203.616	0.0	T3	3	50904
203.716	0.0	T4	4	50929
203.816	0.0	T5	5	50954
203.916	0.0	T6	6	50979
204.016	0.0	T7	7	51004
204.116	0.0	T8	8	51029
204.22	0.0	T9	9	51055
204.32	0.0	T10	10	51080
204.42	0.0	T1	1	51105
204.52	0.0	T2	2	51130
204.62	0.0	T3	3	51155
204.72	0.0	T4	4	51180
204.82	0.0	T5	5	51205
204.92	0.0	T6	6	51230
205.02	0.0	T7	7	51255
205.12	0.0	T8	8	51280
205.22	0.0	T9	9	51305
205.32	0.0	T10	10	51330
205.42	0.0	T1	1	51355
205.52	0.0	T2	2	51380
205.62	0.0	T3	3	51405
205.72	0.0	T4	4	51430
205.82	0.0	T5	5	51455
205.92	0.0	T6	6	51480
206.02	0.0	T7	7	51505
206.12	0.0	T8	8	51530
206.22	0.0	T9	9	51555
206.32	0.0	T10	10	51580
206.42	0.0	T1	1	51605
206.52	0.0	T2	2	51630
206.62	0.0	T3	3	51655
206.72	0.0	T4	4	51680
206.82	0.0	T5	5	51705
206.92	0.0	T6	6	51730
207.02	0.0	T7	7	51755
207.12	0.0	T8	8	51780
207.22	0.0	T9	9	51805
207.32	0.0	T10	10	51830
207.42	0.0	T1	1	51855
207.52	0.0	T2	2	51880
207.62	0.0	T3	3	51905
207.72	0.0	T4	4	51930
207.82	0.0	T5	5	51955
207.92	0.0	T6	6	51980
208.02	0.0	T7	7	52005
208.12	0.0	T8	8	52030
208.22	0.0	T9	9	52055
208.32	0.0	T10	10	52080
208.42	0.0	T1	1	52105
208.52	0.0	T2	2	52130
208.62	0.0	T3	3	52155
257.12	0.0	T1	1	64280
257.22	0.0	T2	2	64305
257.32	0.0	T3	3	64330
257.42	0.0	T4	4	64355
257.52	0.0	T5	5	64380
257.62	0.0	T6	6	64405
257.72	0.0	T7	7	64430
257.82	0.0	T8	8	64455
257.92	0.0	T9	9	64480
258.02	0.0	T10	10	64505
258.12	0.0	T1	1	64530
258.22	0.0	T2	2	64555
258.32	0.0	T3	3	64580
258.42	0.0	T4	4	64605
258.52	0.0	T5	5	64630
258.624	0.0	T6	6	64656
258.724	0.0	T7	7	64681
258.824	0.0	T8	8	64706
258.924	0.0	T9	9	64731
259.024	0.0	T10	10	64756
259.124	0.0	T1	1	64781
259.224	0.0	T2	2	64806
259.324	0.0	T3	3	64831
259.424	0.0	T4	4	64856
259.524	0.0	T5	5	64881
259.624	0.0	T6	6	64906
259.724	0.0	T7	7	64931
259.824	0.0	T8	8	64956
259.924	0.0	T9	9	64981
260.024	0.0	T10	10	65006
260.124	0.0	T1	1	65031
260.224	0.0	T2	2	65056
260.324	0.0	T3	3	65081
260.424	0.0	T4	4	65106
260.524	0.0	T5	5	65131
260.624	0.0	T6	6	65156
260.724	0.0	T7	7	65181
260.824	0.0	T8	8	65206
260.924	0.0	T9	9	65231
261.024	0.0	T10	10	65256
261.124	0.0	T1	1	65281
261.224	0.0	T2	2	65306
261.324	0.0	T3	3	65331
261.424	0.0	T4	4	65356
261.524	0.0	T5	5	65381
261.624	0.0	T6	6	65406
261.724	0.0	T7	7	65431
261.824	0.0	T8	8	65456
261.924	0.0	T9	9	65481
262.024	0.0	T10	10	65506
262.124	0.0	T1	1	65531
262.224	0.0	T2	2	65556
262.324	0.0	T3	3	65581
262.424	0.0	T4	4	65606
262.524	0.0	T5	5	65631
262.624	0.0	T6	6	65656
262.724	0.0	T7	7	65681
262.824	0.0	T8	8	65706
262.924	0.0	T9	9	65731
263.024	0.0	T10	10	65756
263.124	0.0	T1	1	65781
263.224	0.0	T2	2	65806
263.324	0.0	T3	3	65831
263.424	0.0	T4	4	65856
263.524	0.0	T5	5	65881
263.624	0.0	T6	6	65906
263.724	0.0	T7	7	65931
263.824	0.0	T8	8	65956
263.924	0.0	T9	9	65981
264.024	0.0	T10	10	66006
264.124	0.0	T1	1	66031
264.224	0.0	T2	2	66056
264.324	0.0	T3	3	66081
264.424	0.0	T4	4	66106
264.524	0.0	T5	5	66131
264.624	0.0	T6	6	66156
264.724	0.0	T7	7	66181
264.824	0.0	T8	8	66206
264.924	0.0	T9	9	66231
265.028	0.0	T10	10	66257
265.128	0.0	T1	1	66282
265.228	0.0	T2	2	66307
265.328	0.0	T3	3	66332
265.428	0.0	T4	4	66357
265.528	0.0	T5	5	66382
265.628	0.0	T6	6	66407
265.728	0.0	T7	7	66432
265.828	0.0	T8	8	66457
265.928	0.0	T9	9	66482
266.028	0.0	T10	10	66507
266.128	0.0	T1	1	66532
266.228	0.0	T2	2	66557
266.328	0.0	T3	3	66582
266.428	0.0	T4	4	66607
266.528	0.0	T5	5	66632
266.628	0.0	T6	6	66657
266.728	0.0	T7	7	66682
266.828	0.0	T8	8	66707
266.928	0.0	T9	9	66732
267.028	0.0	T10	10	66757
267.128	0.0	T1	1	66782
267.228	0.0	T2	2	66807
267.328	0.0	T3	3	66832
267.428	0.0	T4	4	66857
267.528	0.0	T5	5	66882
267.628	0.0	T6	6	66907
267.728	0.0	T7	7	66932
267.828	0.0	T8	8	66957
267.928	0.0	T9	9	66982
268.028	0.0	T10	10	67007
268.128	0.0	T1	1	67032
268.228	0.0	T2	2	67057
268.328	0.0	T3	3	67082
268.428	0.0	T4	4	67107
268.528	0.0	T5	5	67132
268.628	0.0	T6	6	67157
268.728	0.0	T7	7	67182
268.828	0.0	T8	8	67207
268.928	0.0	T9	9	67232
269.028	0.0	T10	10	67257
269.128	0.0	T1	1	67282
269.228	0.0	T2	2	67307
269.328	0.0	T3	3	67332
269.428	0.0	T4	4	67357
269.528	0.0	T5	5	67382
269.628	0.0	T6	6	67407
269.728	0.0	T7	7	67432
269.828	0.0	T8	8	67457
269.928	0.0	T9	9	67482
270.028	0.0	T10	10	67507
270.128	0.0	T1	1	67532
270.228	0.0	T2	2	67557
270.328	0.0	T3	3	67582
270.428	0.0	T4	4	67607
270.528	0.0	T5	5	67632
270.628	0.0	T6	6	67657
270.728	0.0	T7	7	67682
270.832	0.0	T8	8	67708
270.932	0.0	T9	9	67733
271.028	0.0	T10	10	67757
271.132	0.0	T1	1	67783
271.232	0.0	T2	2	67808
271.332	0.0	T3	3	67833
271.432	0.0	T4	4	67858
271.532	0.0	T5	5	67883
271.632	0.0	T6	6	67908
271.732	0.0	T7	7	67933
271.832	0.0	T8	8	67958
271.932	0.0	T9	9	67983
272.032	0.0	T10	10	68008
272.132	0.0	T1	1	68033
272.232	0.0	T2	2	68058
272.332	0.0	T3	3	68083
272.432	0.0	T4	4	68108
272.532	0.0	T5	5	68133
272.632	0.0	T6	6	68158
272.732	0.0	T7	7	68183
272.832	0.0	T8	8	68208
272.932	0.0	T9	9	68233
273.032	0.0	T10	10	68258
273.132	0.0	T1	1	68283
273.232	0.0	T2	2	68308
273.332	0.0	T3	3	68333
273.432	0.0	T4	4	68358
273.532	0.0	T5	5	68383
273.632	0.0	T6	6	68408
273.732	0.0	T7	7	68433
273.832	0.0	T8	8	68458
273.932	0.0	T9	9	68483
274.032	0.0	T10	10	68508
274.132	0.0	T1	1	68533
274.232	0.0	T2	2	68558
274.332	0.0	T3	3	68583
274.432	0.0	T4	4	68608
274.532	0.0	T5	5	68633
274.632	0.0	T6	6	68658
274.732	0.0	T7	7	68683
274.832	0.0	T8	8	68708
274.932	0.0	T9	9	68733
275.032	0.0	T10	10	68758
275.132	0.0	T1	1	68783
275.232	0.0	T2	2	68808
275.332	0.0	T3	3	68833
275.432	0.0	T4	4	68858
275.532	0.0	T5	5	68883
275.632	0.0	T6	6	68908
275.732	0.0	T7	7	68933
275.832	0.0	T8	8	68958
275.932	0.0	T9	9	68983
276.032	0.0	T10	10	69008
276.132	0.0	T1	1	69033
276.232	0.0	T2	2	69058
276.332	0.0	T3	3	69083
276.436	0.0	T4	4	69109
276.536	0.0	T5	5	69134
276.636	0.0	T6	6	69159
276.736	0.0	T7	7	69184
276.836	0.0	T8	8	69209
276.936	0.0	T9	9	69234
277.036	0.0	T10	10	69259
277.136	0.0	T1	1	69284
277.236	0.0	T2	2	69309
277.336	0.0	T3	3	69334
277.436	0.0	T4	4	69359
277.536	0.0	T5	5	69384
277.636	0.0	T6	6	69409
277.736	0.0	T7	7	69434
277.836	0.0	T8	8	69459
277.936	0.0	T9	9	69484
278.036	0.0	T10	10	69509
278.136	0.0	T1	1	69534
278.236	0.0	T2	2	69559
278.336	0.0	T3	3	69584
278.436	0.0	T4	4	69609
278.536	0.0	T5	5	69634
278.636	0.0	T6	6	69659
278.736	0.0	T7	7	69684
278.836	0.0	T8	8	69709
278.936	0.0	T9	9	69734
279.036	0.0	T10	10	69759
279.136	0.0	T1	1	69784
279.236	0.0	T2	2	69809
279.336	0.0	T3	3	69834
279.436	0.0	T4	4	69859
279.536	0.0	T5	5	69884
279.636	0.0	T6	6	69909
279.736	0.0	T7	7	69934
279.836	0.0	T8	8	69959
279.936	0.0	T9	9	69984
280.036	0.0	T10	10	70009
280.136	0.0	T1	1	70034
280.236	0.0	T2	2	70059
280.336	0.0	T3	3	70084
280.436	0.0	T4	4	70109
280.536	0.0	T5	5	70134
280.636	0.0	T6	6	70159
280.736	0.0	T7	7	70184
280.836	0.0	T8	8	70209
280.936	0.0	T9	9	70234
281.036	0.0	T10	10	70259
281.136	0.0	T1	1	70284
281.236	0.0	T2	2	70309
281.336	0.0	T3	3	70334
281.436	0.0	T4	4	70359
281.536	0.0	T5	5	70384
281.636	0.0	T6	6	70409
281.74	0.0	T7	7	70435
281.84	0.0	T8	8	70460
281.94	0.0	T9	9	70485
282.04	0.0	T10	10	70510
282.14	0.0	T1	1	70535
282.24	0.0	T2	2	70560
282.34	0.0	T3	3	70585
282.44	0.0	T4	4	70610
282.54	0.0	T5	5	70635
282.64	0.0	T6	6	70660
282.74	0.0	T7	7	70685
282.84	0.0	T8	8	70710
282.94	0.0	T9	9	70735
283.04	0.0	T10	10	70760
283.14	0.0	T1	1	70785
283.24	0.0	T2	2	70810
283.34	0.0	T3	3	70835
283.44	0.0	T4	4	70860
283.54	0.0	T5	5	70885
283.64	0.0	T6	6	70910
283.74	0.0	T7	7	70935
283.84	0.0	T8	8	70960
283.94	0.0	T9	9	70985
284.04	0.0	T10	10	71010
284.14	0.0	T1	1	71035
284.24	0.0	T2	2	71060
284.34	0.0	T3	3	71085
284.44	0.0	T4	4	71110
284.54	0.0	T5	5	71135
284.64	0.0	T6	6	71160
284.74	0.0	T7	7	71185
284.84	0.0	T8	8	71210
284.94	0.0	T9	9	71235
285.04	0.0	T10	10	71260
285.14	0.0	T1	1	71285
285.24	0.0	T2	2	71310
285.34	0.0	T3	3	71335
285.44	0.0	T4	4	71360
285.54	0.0	T5	5	71385
285.64	0.0	T6	6	71410
285.74	0.0	T7	7	71435
285.84	0.0	T8	8	71460
285.94	0.0	T9	9	71485
286.04	0.0	T10	10	71510
286.14	0.0	T1	1	71535
286.24	0.0	T2	2	71560
286.34	0.0	T3	3	71585
286.44	0.0	T4	4	71610
286.54	0.0	T5	5	71635
286.64	0.0	T6	6	71660
286.74	0.0	T7	7	71685
286.84	0.0	T8	8	71710
286.94	0.0	T9	9	71735
287.04	0.0	T10	10	71760
287.14	0.0	T1	1	71785
287.24	0.0	T2	2	71810
287.34	0.0	T3	3	71835
287.44	0.0	T4	4	71860
287.54	0.0	T5	5	71885
287.64	0.0	T6	6	71910
287.74	0.0	T7	7	71935
287.84	0.0	T8	8	71960
287.94	0.0	T9	9	71985
288.04	0.0	T10	10	72010
288.144	0.0	T1	1	72036
288.24	0.0	T2	2	72060
288.344	0.0	T3	3	72086
288.444	0.0	T4	4	72111
288.544	0.0	T5	5	72136
288.644	0.0	T6	6	72161
288.744	0.0	T7	7	72186
288.844	0.0	T8	8	72211
288.944	0.0	T9	9	72236
289.044	0.0	T10	10	72261
289.144	0.0	T1	1	72286
289.244	0.0	T2	2	72311
289.344	0.0	T3	3	72336
289.444	0.0	T4	4	72361
289.544	0.0	T5	5	72386
289.644	0.0	T6	6	72411
289.744	0.0	T7	7	72436
289.844	0.0	T8	8	72461
289.944	0.0	T9	9	72486
290.044	0.0	T10	10	72511
290.144	0.0	T1	1	72536
290.244	0.0	T2	2	72561
290.344	0.0	T3	3	72586
290.444	0.0	T4	4	72611
290.544	0.0	T5	5	72636
290.644	0.0	T6	6	72661
290.744	0.0	T7	7	72686
290.844	0.0	T8	8	72711
290.944	0.0	T9	9	72736
291.044	0.0	T10	10	72761
291.144	0.0	T1	1	72786
291.244	0.0	T2	2	72811
291.344	0.0	T3	3	72836
291.444	0.0	T4	4	72861
291.544	0.0	T5	5	72886
291.644	0.0	T6	6	72911
291.744	0.0	T7	7	72936
291.844	0.0	T8	8	72961
291.944	0.0	T9	9	72986
292.044	0.0	T10	10	73011
292.144	0.0	T1	1	73036
292.244	0.0	T2	2	73061
292.344	0.0	T3	3	73086
292.444	0.0	T4	4	73111
292.544	0.0	T5	5	73136
292.644	0.0	T6	6	73161
292.744	0.0	T7	7	73186
292.844	0.0	T8	8	73211
292.948	0.0	T9	9	73237
293.044	0.0	T10	10	73261
293.144	0.0	T1	1	73286
293.244	0.0	T2	2	73311
293.344	0.0	T3	3	73336
293.444	0.0	T4	4	73361
293.544	0.0	T5	5	73386
293.644	0.0	T6	6	73411
293.744	0.0	T7	7	73436
293.848	0.0	T8	8	73462
293.948	0.0	T9	9	73487
294.048	0.0	T10	10	73512
294.148	0.0	T1	1	73537
294.248	0.0	T2	2	73562
294.348	0.0	T3	3	73587
294.448	0.0	T4	4	73612
294.548	0.0	T5	5	73637
294.648	0.0	T6	6	73662
294.748	0.0	T7	7	73687
294.848	0.0	T8	8	73712
294.948	0.0	T9	9	73737
295.048	0.0	T10	10	73762
295.148	0.0	T1	1	73787
295.248	0.0	T2	2	73812
295.348	0.0	T3	3	73837
295.448	0.0	T4	4	73862
295.548	0.0	T5	5	73887
295.648	0.0	T6	6	73912
295.748	0.0	T7	7	73937
295.848	0.0	T8	8	73962
295.948	0.0	T9	9	73987
296.048	0.0	T10	10	74012
296.148	0.0	T1	1	74037
296.248	0.0	T2	2	74062
296.348	0.0	T3	3	74087
296.448	0.0	T4	4	74112
296.548	0.0	T5	5	74137
296.648	0.0	T6	6	74162
296.748	0.0	T7	7	74187
296.848	0.0	T8	8	74212
296.948	0.0	T9	9	74237
297.048	0.0	T10	10	74262
297.148	0.0	T1	1	74287
297.248	0.0	T2	2	74312
297.348	0.0	T3	3	74337
297.448	0.0	T4	4	74362
297.548	0.0	T5	5	74387
297.648	0.0	T6	6	74412
297.748	0.0	T7	7	74437
297.848	0.0	T8	8	74462
297.948	0.0	T9	9	74487
298.048	0.0	T10	10	74512
298.148	0.0	T1	1	74537
298.248	0.0	T2	2	74562
298.348	0.0	T3	3	74587
298.448	0.0	T4	4	74612
298.548	0.0	T5	5	74637
298.648	0.0	T6	6	74662
298.748	0.0	T7	7	74687
298.848	0.0	T8	8	74712
298.948	0.0	T9	9	74737
299.048	0.0	T10	10	74762
299.148	0.0	T1	1	74787
299.248	0.0	T2	2	74812
299.348	0.0	T3	3	74837
299.448	0.0	T4	4	74862
299.548	0.0	T5	5	74887
299.648	0.0	T6	6	74912
299.748	0.0	T7	7	74937
299.848	0.0	T8	8	74962
299.952	0.0	T9	9	74988
300.052	0.0	T10	10	75013
300.152	0.0	T1	1	75038
300.252	0.0	T2	2	75063
300.352	0.0	T3	3	75088
300.452	0.0	T4	4	75113
300.552	0.0	T5	5	75138
300.652	0.0	T6	6	75163
300.752	0.0	T7	7	75188
300.852	0.0	T8	8	75213
300.952	0.0	T9	9	75238
301.052	0.0	T10	10	75263
301.152	0.0	T1	1	75288
301.252	0.0	T2	2	75313
301.352	0.0	T3	3	75338
301.452	0.0	T4	4	75363
301.552	0.0	T5	5	75388
301.652	0.0	T6	6	75413
301.752	0.0	T7	7	75438
301.852	0.0	T8	8	75463
301.952	0.0	T9	9	75488
302.052	0.0	T10	10	75513
302.152	0.0	T1	1	75538
302.252	0.0	T2	2	75563
302.352	0.0	T3	3	75588
302.452	0.0	T4	4	75613
302.552	0.0	T5	5	75638
302.652	0.0	T6	6	75663
302.752	0.0	T7	7	75688
302.852	0.0	T8	8	75713
302.952	0.0	T9	9	75738
303.052	0.0	T10	10	75763
303.152	0.0	T1	1	75788
303.252	0.0	T2	2	75813
303.352	0.0	T3	3	75838
303.452	0.0	T4	4	75863
303.552	0.0	T5	5	75888
303.652	0.0	T6	6	75913
303.752	0.0	T7	7	75938
303.852	0.0	T8	8	75963
303.952	0.0	T9	9	75988
304.052	0.0	T10	10	76013
304.152	0.0	T1	1	76038
304.252	0.0	T2	2	76063
304.352	0.0	T3	3	76088
304.452	0.0	T4	4	76113
304.552	0.0	T5	5	76138
304.652	0.0	T6	6	76163
304.752	0.0	T7	7	76188
304.852	0.0	T8	8	76213
304.952	0.0	T9	9	76238
305.052	0.0	T10	10	76263
305.152	0.0	T1	1	76288
305.252	0.0	T2	2	76313
305.352	0.0	T3	3	76338
305.452	0.0	T4	4	76363
305.552	0.0	T5	5	76388
305.652	0.0	T6	6	76413
305.752	0.0	T7	7	76438
305.856	0.0	T8	8	76464
305.956	0.0	T9	9	76489
306.056	0.0	T10	10	76514
306.156	0.0	T1	1	76539
306.256	0.0	T2	2	76564
306.356	0.0	T3	3	76589
306.456	0.0	T4	4	76614
306.556	0.0	T5	5	76639
306.656	0.0	T6	6	76664
306.756	0.0	T7	7	76689
306.856	0.0	T8	8	76714
306.956	0.0	T9	9	76739
307.056	0.0	T10	10	76764
307.156	0.0	T1	1	76789
307.256	0.0	T2	2	76814
307.356	0.0	T3	3	76839
307.456	0.0	T4	4	76864
307.556	0.0	T5	5	76889
307.656	0.0	T6	6	76914
307.756	0.0	T7	7	76939
307.856	0.0	T8	8	76964
307.956	0.0	T9	9	76989
308.056	0.0	T10	10	77014
308.156	0.0	T1	1	77039
308.256	0.0	T2	2	77064
308.356	0.0	T3	3	77089
308.456	0.0	T4	4	77114
308.556	0.0	T5	5	77139
308.656	0.0	T6	6	77164
308.756	0.0	T7	7	77189
308.856	0.0	T8	8	77214
308.956	0.0	T9	9	77239
309.056	0.0	T10	10	77264
309.156	0.0	T1	1	77289
309.256	0.0	T2	2	77314
309.356	0.0	T3	3	77339
309.456	0.0	T4	4	77364
309.556	0.0	T5	5	77389
309.656	0.0	T6	6	77414
309.756	0.0	T7	7	77439
309.856	0.0	T8	8	77464
309.956	0.0	T9	9	77489
310.056	0.0	T10	10	77514
310.156	0.0	T1	1	77539
310.256	0.0	T2	2	77564
310.356	0.0	T3	3	77589
310.456	0.0	T4	4	77614
310.556	0.0	T5	5	77639
310.656	0.0	T6	6	77664
310.756	0.0	T7	7	77689
310.856	0.0	T8	8	77714
310.956	0.0	T9	9	77739
311.056	0.0	T10	10	77764
311.156	0.0	T1	1	77789
311.26	0.0	T2	2	77815
311.356	0.0	T3	3	77839
311.456	0.0	T4	4	77864
311.556	0.0	T5	5	77889
311.66	0.0	T6	6	77915
311.76	0.0	T7	7	77940
311.86	0.0	T8	8	77965
311.96	0.0	T9	9	77990
312.06	0.0	T10	10	78015
312.16	0.0	T1	1	78040
312.26	0.0	T2	2	78065
312.36	0.0	T3	3	78090
312.46	0.0	T4	4	78115
312.56	0.0	T5	5	78140
312.66	0.0	T6	6	78165
312.76	0.0	T7	7	78190
312.86	0.0	T8	8	78215
312.96	0.0	T9	9	78240
313.06	0.0	T10	10	78265
313.16	0.0	T1	1	78290
313.26	0.0	T2	2	78315
313.36	0.0	T3	3	78340
313.46	0.0	T4	4	78365
313.56	0.0	T5	5	78390
313.66	0.0	T6	6	78415
313.76	0.0	T7	7	78440
313.86	0.0	T8	8	78465
313.96	0.0	T9	9	78490
314.06	0.0	T10	10	78515
314.16	0.0	T1	1	78540
314.26	0.0	T2	2	78565
314.36	0.0	T3	3	78590
314.46	0.0	T4	4	78615
339.576	0.0	T1	1	84894
339.676	0.0	T2	2	84919
339.776	0.0	T3	3	84944
339.876	0.0	T4	4	84969
339.976	0.0	T5	5	84994
340.076	0.0	T6	6	85019
340.176	0.0	T7	7	85044
340.276	0.0	T8	8	85069
340.376	0.0	T9	9	85094
340.476	0.0	T10	10	85119
340.576	0.0	T1	1	85144
340.676	0.0	T2	2	85169
340.776	0.0	T3	3	85194
340.876	0.0	T4	4	85219
340.976	0.0	T5	5	85244
341.076	0.0	T6	6	85269
341.176	0.0	T7	7	85294
341.276	0.0	T8	8	85319
341.376	0.0	T9	9	85344
341.476	0.0	T10	10	85369
341.576	0.0	T1	1	85394
341.676	0.0	T2	2	85419
341.776	0.0	T3	3	85444
341.876	0.0	T4	4	85469
341.98	0.0	T5	5	85495
342.076	0.0	T6	6	85519
342.176	0.0	T7	7	85544
342.276	0.0	T8	8	85569
342.38	0.0	T9	9	85595
342.48	0.0	T10	10	85620
342.58	0.0	T1	1	85645
342.68	0.0	T2	2	85670
342.78	0.0	T3	3	85695
342.88	0.0	T4	4	85720
342.98	0.0	T5	5	85745
343.08	0.0	T6	6	85770
343.18	0.0	T7	7	85795
343.28	0.0	T8	8	85820
343.38	0.0	T9	9	85845
343.48	0.0	T10	10	85870
343.58	0.0	T1	1	85895
343.68	0.0	T2	2	85920
343.78	0.0	T3	3	85945
343.88	0.0	T4	4	85970
343.98	0.0	T5	5	85995
344.08	0.0	T6	6	86020
344.18	0.0	T7	7	86045
344.28	0.0	T8	8	86070
344.38	0.0	T9	9	86095
344.48	0.0	T10	10	86120
344.58	0.0	T1	1	86145
344.68	0.0	T2	2	86170
344.78	0.0	T3	3	86195
344.88	0.0	T4	4	86220
344.98	0.0	T5	5	86245
345.08	0.0	T6	6	86270
345.18	0.0	T7	7	86295
345.28	0.0	T8	8	86320
345.38	0.0	T9	9	86345
345.48	0.0	T10	10	86370
345.58	0.0	T1	1	86395
345.68	0.0	T2	2	86420
345.78	0.0	T3	3	86445
345.88	0.0	T4	4	86470
345.98	0.0	T5	5	86495
346.08	0.0	T6	6	86520
346.18	0.0	T7	7	86545
346.28	0.0	T8	8	86570
346.38	0.0	T9	9	86595
346.48	0.0	T10	10	86620
346.58	0.0	T1	1	86645
346.68	0.0	T2	2	86670
346.78	0.0	T3	3	86695
346.88	0.0	T4	4	86720
346.98	0.0	T5	5	86745
347.08	0.0	T6	6	86770
347.18	0.0	T7	7	86795
347.28	0.0	T8	8	86820
347.38	0.0	T9	9	86845
347.48	0.0	T10	10	86870
347.58	0.0	T1	1	86895
347.68	0.0	T2	2	86920
347.78	0.0	T3	3	86945
347.88	0.0	T4	4	86970
347.98	0.0	T5	5	86995
348.08	0.0	T6	6	87020
348.18	0.0	T7	7	87045
348.28	0.0	T8	8	87070
348.38	0.0	T9	9	87095
348.48	0.0	T10	10	87120
348.584	0.0	T1	1	87146
348.684	0.0	T2	2	87171
348.784	0.0	T3	3	87196
348.884	0.0	T4	4	87221
348.984	0.0	T5	5	87246
349.084	0.0	T6	6	87271
349.184	0.0	T7	7	87296
349.284	0.0	T8	8	87321
349.384	0.0	T9	9	87346
349.484	0.0	T10	10	87371
349.584	0.0	T1	1	87396
349.684	0.0	T2	2	87421
349.784	0.0	T3	3	87446
349.884	0.0	T4	4	87471
349.984	0.0	T5	5	87496
350.084	0.0	T6	6	87521
350.184	0.0	T7	7	87546
350.284	0.0	T8	8	87571
350.384	0.0	T9	9	87596
350.484	0.0	T10	10	87621
350.584	0.0	T1	1	87646
350.684	0.0	T2	2	87671
350.784	0.0	T3	3	87696
350.884	0.0	T4	4	87721
350.984	0.0	T5	5	87746
351.084	0.0	T6	6	87771
351.184	0.0	T7	7	87796
351.284	0.0	T8	8	87821
351.384	0.0	T9	9	87846
351.484	0.0	T10	10	87871
351.584	0.0	T1	1	87896
351.684	0.0	T2	2	87921
351.784	0.0	T3	3	87946
351.884	0.0	T4	4	87971
351.984	0.0	T5	5	87996
352.084	0.0	T6	6	88021
352.184	0.0	T7	7	88046
352.284	0.0	T8	8	88071
352.384	0.0	T9	9	88096
352.488	0.0	T10	10	88122
352.584	0.0	T1	1	88146
352.684	0.0	T2	2	88171
352.784	0.0	T3	3	88196
352.884	0.0	T4	4	88221
352.984	0.0	T5	5	88246
353.084	0.0	T6	6	88271
353.184	0.0	T7	7	88296
353.284	0.0	T8	8	88321
353.388	0.0	T9	9	88347
353.484	0.0	T10	10	88371
353.584	0.0	T1	1	88396
353.688	0.0	T2	2	88422
353.788	0.0	T3	3	88447
353.888	0.0	T4	4	88472
353.988	0.0	T5	5	88497
354.088	0.0	T6	6	88522
354.188	0.0	T7	7	88547
354.288	0.0	T8	8	88572
354.388	0.0	T9	9	88597
354.488	0.0	T10	10	88622
354.588	0.0	T1	1	88647
354.688	0.0	T2	2	88672
354.788	0.0	T3	3	88697
354.888	0.0	T4	4	88722
354.988	0.0	T5	5	88747
355.088	0.0	T6	6	88772
355.188	0.0	T7	7	88797
355.288	0.0	T8	8	88822
355.388	0.0	T9	9	88847
355.488	0.0	T10	10	88872
355.588	0.0	T1	1	88897
355.688	0.0	T2	2	88922
355.788	0.0	T3	3	88947
355.888	0.0	T4	4	88972
355.988	0.0	T5	5	88997
356.088	0.0	T6	6	89022
356.188	0.0	T7	7	89047
356.288	0.0	T8	8	89072
356.388	0.0	T9	9	89097
356.488	0.0	T10	10	89122
356.588	0.0	T1	1	89147
356.688	0.0	T2	2	89172
356.788	0.0	T3	3	89197
356.888	0.0	T4	4	89222
356.988	0.0	T5	5	89247
357.088	0.0	T6	6	89272
357.188	0.0	T7	7	89297
357.288	0.0	T8	8	89322
357.388	0.0	T9	9	89347
357.488	0.0	T10	10	89372
357.588	0.0	T1	1	89397
357.688	0.0	T2	2	89422
357.788	0.0	T3	3	89447
357.888	0.0	T4	4	89472
357.988	0.0	T5	5	89497
358.088	0.0	T6	6	89522
358.188	0.0	T7	7	89547
358.288	0.0	T8	8	89572
358.388	0.0	T9	9	89597
358.488	0.0	T10	10	89622
358.588	0.0	T1	1	89647
358.688	0.0	T2	2	89672
358.788	0.0	T3	3	89697
358.888	0.0	T4	4	89722
358.988	0.0	T5	5	89747
359.088	0.0	T6	6	89772
359.188	0.0	T7	7	89797
359.288	0.0	T8	8	89822
359.388	0.0	T9	9	89847
359.488	0.0	T10	10	89872
359.588	0.0	T1	1	89897
359.688	0.0	T2	2	89922
359.792	0.0	T3	3	89948
359.888	0.0	T4	4	89972
359.988	0.0	T5	5	89997
360.088	0.0	T6	6	90022
360.192	0.0	T7	7	90048
360.292	0.0	T8	8	90073
360.392	0.0	T9	9	90098
360.492	0.0	T10	10	90123
360.592	0.0	T1	1	90148
360.692	0.0	T2	2	90173
360.792	0.0	T3	3	90198
360.892	0.0	T4	4	90223
360.992	0.0	T5	5	90248
361.092	0.0	T6	6	90273
361.192	0.0	T7	7	90298
361.292	0.0	T8	8	90323
361.392	0.0	T9	9	90348
361.492	0.0	T10	10	90373
361.592	0.0	T1	1	90398
361.692	0.0	T2	2	90423
361.792	0.0	T3	3	90448
361.892	0.0	T4	4	90473
361.992	0.0	T5	5	90498
362.092	0.0	T6	6	90523
362.192	0.0	T7	7	90548
362.292	0.0	T8	8	90573
362.392	0.0	T9	9	90598
362.492	0.0	T10	10	90623
362.592	0.0	T1	1	90648
362.692	0.0	T2	2	90673
362.792	0.0	T3	3	90698
362.892	0.0	T4	4	90723
362.992	0.0	T5	5	90748
363.092	0.0	T6	6	90773
363.192	0.0	T7	7	90798
363.292	0.0	T8	8	90823
363.392	0.0	T9	9	90848
363.492	0.0	T10	10	90873
363.592	0.0	T1	1	90898
363.692	0.0	T2	2	90923
363.792	0.0	T3	3	90948
363.892	0.0	T4	4	90973
363.992	0.0	T5	5	90998
364.092	0.0	T6	6	91023
364.192	0.0	T7	7	91048
364.292	0.0	T8	8	91073
364.392	0.0	T9	9	91098
364.492	0.0	T10	10	91123
364.592	0.0	T1	1	91148
364.692	0.0	T2	2	91173
364.792	0.0	T3	3	91198
364.892	0.0	T4	4	91223
364.992	0.0	T5	5	91248
365.092	0.0	T6	6	91273
365.192	0.0	T7	7	91298
365.292	0.0	T8	8	91323
365.392	0.0	T9	9	91348
365.492	0.0	T10	10	91373
365.592	0.0	T1	1	91398
365.692	0.0	T2	2	91423
365.792	0.0	T3	3	91448
365.892	0.0	T4	4	91473
365.992	0.0	T5	5	91498
366.092	0.0	T6	6	91523
366.192	0.0	T7	7	91548
366.292	0.0	T8	8	91573
366.392	0.0	T9	9	91598
366.492	0.0	T10	10	91623
366.592	0.0	T1	1	91648
366.692	0.0	T2	2	91673
366.792	0.0	T3	3	91698
366.896	0.0	T4	4	91724
366.996	0.0	T5	5	91749
367.096	0.0	T6	6	91774
367.196	0.0	T7	7	91799
367.296	0.0	T8	8	91824
367.396	0.0	T9	9	91849
367.496	0.0	T10	10	91874
367.596	0.0	T1	1	91899
367.696	0.0	T2	2	91924
367.796	0.0	T3	3	91949
367.896	0.0	T4	4	91974
367.996	0.0	T5	5	91999
368.096	0.0	T6	6	92024
368.196	0.0	T7	7	92049
368.296	0.0	T8	8	92074
368.396	0.0	T9	9	92099
368.496	0.0	T10	10	92124
368.596	0.0	T1	1	92149
368.696	0.0	T2	2	92174
368.796	0.0	T3	3	92199
368.896	0.0	T4	4	92224
368.996	0.0	T5	5	92249
369.096	0.0	T6	6	92274
369.196	0.0	T7	7	92299
369.296	0.0	T8	8	92324
369.396	0.0	T9	9	92349
369.496	0.0	T10	10	92374
369.596	0.0	T1	1	92399
369.696	0.0	T2	2	92424
369.796	0.0	T3	3	92449
369.896	0.0	T4	4	92474
369.996	0.0	T5	5	92499
370.096	0.0	T6	6	92524
370.196	0.0	T7	7	92549
370.296	0.0	T8	8	92574
370.396	0.0	T9	9	92599
370.496	0.0	T10	10	92624
370.596	0.0	T1	1	92649
370.696	0.0	T2	2	92674
370.796	0.0	T3	3	92699
370.896	0.0	T4	4	92724
370.996	0.0	T5	5	92749
371.096	0.0	T6	6	92774
371.196	0.0	T7	7	92799
371.296	0.0	T8	8	92824
371.396	0.0	T9	9	92849
371.496	0.0	T10	10	92874
371.596	0.0	T1	1	92899
371.696	0.0	T2	2	92924
371.796	0.0	T3	3	92949
371.896	0.0	T4	4	92974
371.996	0.0	T5	5	92999
372.096	0.0	T6	6	93024
372.196	0.0	T7	7	93049
372.296	0.0	T8	8	93074
372.396	0.0	T9	9	93099
372.496	0.0	T10	10	93124
372.596	0.0	T1	1	93149
372.7	0.0	T2	2	93175
372.8	0.0	T3	3	93200
372.9	0.0	T4	4	93225
373.0	0.0	T5	5	93250
373.1	0.0	T6	6	93275
373.2	0.0	T7	7	93300
373.3	0.0	T8	8	93325
373.4	0.0	T9	9	93350
373.5	0.0	T10	10	93375
373.6	0.0	T1	1	93400
373.7	0.0	T2	2	93425
373.8	0.0	T3	3	93450
373.9	0.0	T4	4	93475
374.0	0.0	T5	5	93500
374.1	0.0	T6	6	93525
374.2	0.0	T7	7	93550
374.3	0.0	T8	8	93575
374.4	0.0	T9	9	93600
374.5	0.0	T10	10	93625
374.6	0.0	T1	1	93650
374.7	0.0	T2	2	93675
374.8	0.0	T3	3	93700
374.9	0.0	T4	4	93725
375.0	0.0	T5	5	93750
375.1	0.0	T6	6	93775
375.2	0.0	T7	7	93800
375.3	0.0	T8	8	93825
375.4	0.0	T9	9	93850
375.5	0.0	T10	10	93875
375.6	0.0	T1	1	93900
375.7	0.0	T2	2	93925
375.8	0.0	T3	3	93950
375.9	0.0	T4	4	93975
376.0	0.0	T5	5	94000
376.1	0.0	T6	6	94025
376.2	0.0	T7	7	94050
376.3	0.0	T8	8	94075
376.4	0.0	T9	9	94100
376.5	0.0	T10	10	94125
376.6	0.0	T1	1	94150
376.7	0.0	T2	2	94175
376.8	0.0	T3	3	94200
376.9	0.0	T4	4	94225
377.0	0.0	T5	5	94250
377.1	0.0	T6	6	94275
377.2	0.0	T7	7	94300
377.3	0.0	T8	8	94325
377.4	0.0	T9	9	94350
377.5	0.0	T10	10	94375
377.6	0.0	T1	1	94400
377.7	0.0	T2	2	94425
377.8	0.0	T3	3	94450
377.9	0.0	T4	4	94475
378.0	0.0	T5	5	94500
378.1	0.0	T6	6	94525
378.2	0.0	T7	7	94550
378.3	0.0	T8	8	94575
378.4	0.0	T9	9	94600
378.5	0.0	T10	10	94625
378.6	0.0	T1	1	94650
378.7	0.0	T2	2	94675
378.8	0.0	T3	3	94700
378.904	0.0	T4	4	94726
379.004	0.0	T5	5	94751
379.104	0.0	T6	6	94776
379.204	0.0	T7	7	94801
379.304	0.0	T8	8	94826
379.404	0.0	T9	9	94851
379.504	0.0	T10	10	94876
379.604	0.0	T1	1	94901
379.704	0.0	T2	2	94926
379.804	0.0	T3	3	94951
379.904	0.0	T4	4	94976
380.004	0.0	T5	5	95001
380.104	0.0	T6	6	95026
380.204	0.0	T7	7	95051
380.304	0.0	T8	8	95076
380.404	0.0	T9	9	95101
380.504	0.0	T10	10	95126
380.604	0.0	T1	1	95151
380.704	0.0	T2	2	95176
380.804	0.0	T3	3	95201
380.904	0.0	T4	4	95226
381.004	0.0	T5	5	95251
381.104	0.0	T6	6	95276
381.204	0.0	T7	7	95301
381.304	0.0	T8	8	95326
381.404	0.0	T9	9	95351
381.504	0.0	T10	10	95376
381.604	0.0	T1	1	95401
381.704	0.0	T2	2	95426
381.804	0.0	T3	3	95451
381.904	0.0	T4	4	95476
382.004	0.0	T5	5	95501
382.104	0.0	T6	6	95526
382.204	0.0	T7	7	95551
382.304	0.0	T8	8	95576
382.404	0.0	T9	9	95601
382.504	0.0	T10	10	95626
382.604	0.0	T1	1	95651
382.704	0.0	T2	2	95676
382.804	0.0	T3	3	95701
382.904	0.0	T4	4	95726
383.004	0.0	T5	5	95751
383.104	0.0	T6	6	95776
383.204	0.0	T7	7	95801
383.304	0.0	T8	8	95826
383.404	0.0	T9	9	95851
383.504	0.0	T10	10	95876
383.604	0.0	T1	1	95901
383.704	0.0	T2	2	95926
383.804	0.0	T3	3	95951
383.904	0.0	T4	4	95976
384.004	0.0	T5	5	96001
384.104	0.0	T6	6	96026
384.204	0.0	T7	7	96051
384.304	0.0	T8	8	96076
384.404	0.0	T9	9	96101
384.504	0.0	T10	10	96126
384.604	0.0	T1	1	96151
384.704	0.0	T2	2	96176
384.808	0.0	T3	3	96202
384.908	0.0	T4	4	96227
385.008	0.0	T5	5	96252
385.108	0.0	T6	6	96277
385.208	0.0	T7	7	96302
385.308	0.0	T8	8	96327
385.408	0.0	T9	9	96352
385.508	0.0	T10	10	96377
385.608	0.0	T1	1	96402
385.708	0.0	T2	2	96427
385.808	0.0	T3	3	96452
385.908	0.0	T4	4	96477
386.008	0.0	T5	5	96502
386.108	0.0	T6	6	96527
386.208	0.0	T7	7	96552
386.308	0.0	T8	8	96577
386.408	0.0	T9	9	96602
386.508	0.0	T10	10	96627
386.608	0.0	T1	1	96652
386.708	0.0	T2	2	96677
386.808	0.0	T3	3	96702
386.908	0.0	T4	4	96727
387.008	0.0	T5	5	96752
387.108	0.0	T6	6	96777
387.208	0.0	T7	7	96802
387.308	0.0	T8	8	96827
387.408	0.0	T9	9	96852
387.508	0.0	T10	10	96877
387.608	0.0	T1	1	96902
387.708	0.0	T2	2	96927
387.808	0.0	T3	3	96952
387.908	0.0	T4	4	96977
388.008	0.0	T5	5	97002
388.108	0.0	T6	6	97027
388.208	0.0	T7	7	97052
388.308	0.0	T8	8	97077
388.408	0.0	T9	9	97102
388.508	0.0	T10	10	97127
388.608	0.0	T1	1	97152
388.708	0.0	T2	2	97177
388.808	0.0	T3	3	97202
388.908	0.0	T4	4	97227
389.008	0.0	T5	5	97252
389.108	0.0	T6	6	97277
389.208	0.0	T7	7	97302
389.308	0.0	T8	8	97327
389.408	0.0	T9	9	97352
389.508	0.0	T10	10	97377
389.608	0.0	T1	1	97402
389.708	0.0	T2	2	97427
389.808	0.0	T3	3	97452
389.908	0.0	T4	4	97477
390.008	0.0	T5	5	97502
390.108	0.0	T6	6	97527
390.208	0.0	T7	7	97552
390.308	0.0	T8	8	97577
390.408	0.0	T9	9	97602
390.508	0.0	T10	10	97627
390.608	0.0	T1	1	97652
390.708	0.0	T2	2	97677
390.808	0.0	T3	3	97702
390.908	0.0	T4	4	97727
391.012	0.0	T5	5	97753
391.112	0.0	T6	6	97778
391.212	0.0	T7	7	97803
391.312	0.0	T8	8	97828
391.412	0.0	T9	9	97853
391.512	0.0	T10	10	97878
391.612	0.0	T1	1	97903
391.712	0.0	T2	2	97928
391.812	0.0	T3	3	97953
391.912	0.0	T4	4	97978
392.012	0.0	T5	5	98003
392.112	0.0	T6	6	98028
392.212	0.0	T7	7	98053
392.312	0.0	T8	8	98078
392.412	0.0	T9	9	98103
392.512	0.0	T10	10	98128
392.612	0.0	T1	1	98153
392.712	0.0	T2	2	98178
392.812	0.0	T3	3	98203
392.912	0.0	T4	4	98228
393.012	0.0	T5	5	98253
393.112	0.0	T6	6	98278
393.212	0.0	T7	7	98303
393.312	0.0	T8	8	98328
393.412	0.0	T9	9	98353
393.512	0.0	T10	10	98378
393.612	0.0	T1	1	98403
393.712	0.0	T2	2	98428
393.812	0.0	T3	3	98453
393.912	0.0	T4	4	98478
394.012	0.0	T5	5	98503
394.112	0.0	T6	6	98528
394.212	0.0	T7	7	98553
394.312	0.0	T8	8	98578
394.412	0.0	T9	9	98603
394.512	0.0	T10	10	98628
394.612	0.0	T1	1	98653
394.712	0.0	T2	2	98678
394.812	0.0	T3	3	98703
394.912	0.0	T4	4	98728
395.012	0.0	T5	5	98753
395.112	0.0	T6	6	98778
395.212	0.0	T7	7	98803
395.312	0.0	T8	8	98828
395.412	0.0	T9	9	98853
395.512	0.0	T10	10	98878
395.612	0.0	T1	1	98903
395.712	0.0	T2	2	98928
395.812	0.0	T3	3	98953
395.912	0.0	T4	4	98978
396.012	0.0	T5	5	99003
396.112	0.0	T6	6	99028
396.216	0.0	T7	7	99054
396.312	0.0	T8	8	99078
396.412	0.0	T9	9	99103
396.512	0.0	T10	10	99128
396.612	0.0	T1	1	99153
396.712	0.0	T2	2	99178
396.812	0.0	T3	3	99203
396.912	0.0	T4	4	99228
397.012	0.0	T5	5	99253
397.112	0.0	T6	6	99278
397.212	0.0	T7	7	99303
397.312	0.0	T8	8	99328
397.412	0.0	T9	9	99353
397.512	0.0	T10	10	99378
397.612	0.0	T1	1	99403
397.716	0.0	T2	2	99429
397.812	0.0	T3	3	99453
397.912	0.0	T4	4	99478
398.016	0.0	T5	5	99504
398.116	0.0	T6	6	99529
398.216	0.0	T7	7	99554
398.316	0.0	T8	8	99579
398.416	0.0	T9	9	99604
398.516	0.0	T10	10	99629
398.616	0.0	T1	1	99654
398.716	0.0	T2	2	99679
398.816	0.0	T3	3	99704
398.916	0.0	T4	4	99729
399.016	0.0	T5	5	99754
399.116	0.0	T6	6	99779
399.216	0.0	T7	7	99804
399.316	0.0	T8	8	99829
399.416	0.0	T9	9	99854
399.516	0.0	T10	10	99879
399.616	0.0	T1	1	99904
399.716	0.0	T2	2	99929
399.816	0.0	T3	3	99954
399.916	0.0	T4	4	99979
400.016	0.0	T5	5	100004
400.116	0.0	T6	6	100029
400.216	0.0	T7	7	100054
400.316	0.0	T8	8	100079
400.416	0.0	T9	9	100104
400.516	0.0	T10	10	100129
400.616	0.0	T1	1	100154
400.716	0.0	T2	2	100179
400.816	0.0	T3	3	100204
400.916	0.0	T4	4	100229
401.016	0.0	T5	5	100254
401.116	0.0	T6	6	100279
401.216	0.0	T7	7	100304
401.316	0.0	T8	8	100329
401.416	0.0	T9	9	100354
401.516	0.0	T10	10	100379
401.616	0.0	T1	1	100404
401.716	0.0	T2	2	100429
401.816	0.0	T3	3	100454
401.916	0.0	T4	4	100479
402.016	0.0	T5	5	100504
402.116	0.0	T6	6	100529
402.216	0.0	T7	7	100554
402.316	0.0	T8	8	100579
402.416	0.0	T9	9	100604
402.516	0.0	T10	10	100629
402.616	0.0	T1	1	100654
402.716	0.0	T2	2	100679
402.816	0.0	T3	3	100704
402.916	0.0	T4	4	100729
403.016	0.0	T5	5	100754
403.116	0.0	T6	6	100779
403.216	0.0	T7	7	100804
403.316	0.0	T8	8	100829
403.416	0.0	T9	9	100854
403.516	0.0	T10	10	100879
403.616	0.0	T1	1	100904
403.716	0.0	T2	2	100929
403.816	0.0	T3	3	100954
403.916	0.0	T4	4	100979
404.016	0.0	T5	5	101004
404.116	0.0	T6	6	101029
404.216	0.0	T7	7	101054
404.316	0.0	T8	8	101079
404.42	0.0	T9	9	101105
404.52	0.0	T10	10	101130
404.62	0.0	T1	1	101155
404.72	0.0	T2	2	101180
404.82	0.0	T3	3	101205
404.92	0.0	T4	4	101230
405.02	0.0	T5	5	101255
405.12	0.0	T6	6	101280
405.22	0.0	T7	7	101305
405.32	0.0	T8	8	101330
405.42	0.0	T9	9	101355
405.52	0.0	T10	10	101380
405.62	0.0	T1	1	101405
405.72	0.0	T2	2	101430
405.82	0.0	T3	3	101455
405.92	0.0	T4	4	101480
406.02	0.0	T5	5	101505
406.12	0.0	T6	6	101530
406.22	0.0	T7	7	101555
406.32	0.0	T8	8	101580
406.42	0.0	T9	9	101605
406.52	0.0	T10	10	101630
406.62	0.0	T1	1	101655
406.72	0.0	T2	2	101680
406.82	0.0	T3	3	101705
406.92	0.0	T4	4	101730
407.02	0.0	T5	5	101755
407.12	0.0	T6	6	101780
407.22	0.0	T7	7	101805
407.32	0.0	T8	8	101830
407.42	0.0	T9	9	101855
407.52	0.0	T10	10	101880
407.62	0.0	T1	1	101905
407.72	0.0	T2	2	101930
407.82	0.0	T3	3	101955
407.92	0.0	T4	4	101980
408.02	0.0	T5	5	102005
408.12	0.0	T6	6	102030
408.22	0.0	T7	7	102055
408.32	0.0	T8	8	102080
408.42	0.0	T9	9	102105
408.52	0.0	T10	10	102130
408.62	0.0	T1	1	102155
408.72	0.0	T2	2	102180
408.82	0.0	T3	3	102205
408.92	0.0	T4	4	102230
409.02	0.0	T5	5	102255
409.12	0.0	T6	6	102280
409.22	0.0	T7	7	102305
409.32	0.0	T8	8	102330
409.42	0.0	T9	9	102355
409.52	0.0	T10	10	102380
409.62	0.0	T1	1	102405
409.72	0.0	T2	2	102430
409.82	0.0	T3	3	102455
409.92	0.0	T4	4	102480
410.02	0.0	T5	5	102505
410.12	0.0	T6	6	102530
410.22	0.0	T7	7	102555
410.32	0.0	T8	8	102580
410.424	0.0	T9	9	102606
410.524	0.0	T10	10	102631
410.624	0.0	T1	1	102656
410.724	0.0	T2	2	102681
410.824	0.0	T3	3	102706
410.924	0.0	T4	4	102731
411.024	0.0	T5	5	102756
411.124	0.0	T6	6	102781
411.224	0.0	T7	7	102806
411.324	0.0	T8	8	102831
411.424	0.0	T9	9	102856
411.524	0.0	T10	10	102881
411.624	0.0	T1	1	102906
411.724	0.0	T2	2	102931
411.824	0.0	T3	3	102956
411.924	0.0	T4	4	102981
412.024	0.0	T5	5	103006
412.124	0.0	T6	6	103031
412.224	0.0	T7	7	103056
412.324	0.0	T8	8	103081
412.424	0.0	T9	9	103106
412.524	0.0	T10	10	103131
412.624	0.0	T1	1	103156
412.724	0.0	T2	2	103181
412.824	0.0	T3	3	103206
412.924	0.0	T4	4	103231
413.024	0.0	T5	5	103256
413.124	0.0	T6	6	103281
413.224	0.0	T7	7	103306
413.324	0.0	T8	8	103331
413.424	0.0	T9	9	103356
413.524	0.0	T10	10	103381
413.624	0.0	T1	1	103406
413.724	0.0	T2	2	103431
413.824	0.0	T3	3	103456
413.924	0.0	T4	4	103481
414.024	0.0	T5	5	103506
414.124	0.0	T6	6	103531
414.224	0.0	T7	7	103556
414.324	0.0	T8	8	103581
414.424	0.0	T9	9	103606
414.524	0.0	T10	10	103631
414.624	0.0	T1	1	103656
414.724	0.0	T2	2	103681
414.824	0.0	T3	3	103706
414.924	0.0	T4	4	103731
415.024	0.0	T5	5	103756
415.124	0.0	T6	6	103781
415.224	0.0	T7	7	103806
415.324	0.0	T8	8	103831
415.424	0.0	T9	9	103856
415.524	0.0	T10	10	103881
415.624	0.0	T1	1	103906
415.724	0.0	T2	2	103931
415.824	0.0	T3	3	103956
415.924	0.0	T4	4	103981
416.024	0.0	T5	5	104006
416.124	0.0	T6	6	104031
416.224	0.0	T7	7	104056
416.324	0.0	T8	8	104081
416.424	0.0	T9	9	104106
416.524	0.0	T10	10	104131
416.624	0.0	T1	1	104156
416.728	0.0	T2	2	104182
416.828	0.0	T3	3	104207
416.928	0.0	T4	4	104232
417.028	0.0	T5	5	104257
417.128	0.0	T6	6	104282
417.228	0.0	T7	7	104307
417.328	0.0	T8	8	104332
417.428	0.0	T9	9	104357
417.528	0.0	T10	10	104382
417.628	0.0	T1	1	104407
417.728	0.0	T2	2	104432
417.828	0.0	T3	3	104457
417.928	0.0	T4	4	104482
